5,7,180,16,-50,0
5,7,180,16,-47,0
5,7,180,16,-44,0
13,13,180,17,-41,1
13,13,180,15,-41,1
13,13,0,16,-35,-2
13,13,0,14,-35,-2
13,13,180,-47,-41,2
13,13,180,-49,-41,2
13,13,270,-47,-38,-1
13,13,0,-48,-35,-1
13,13,0,-50,-35,-1
13,13,180,-37,-41,0
13,13,180,-39,-41,0
13,13,270,-37,-38,-1
13,13,0,-38,-35,-3
13,13,0,-40,-35,-3
13,13,180,0,-41,40
13,13,270,2,-38,39
13,13,270,2,-38,37
13,13,0,-1,-35,37
13,13,180,0,-41,33
13,13,270,0,-38,32
13,13,270,0,-38,30
13,13,0,-1,-35,30
5,7,270,92,-50,-1
5,7,270,92,-47,-1
5,7,270,92,-44,-1
13,13,0,92,-38,-2
13,13,0,90,-38,-2
13,13,270,62,-41,-1
13,13,0,61,-38,-3
13,13,0,59,-38,-3
13,13,90,59,-35,0
13,13,90,-1,-41,-66
13,13,90,-1,-41,-68
13,13,180,0,-38,-66
13,13,270,2,-35,-67
13,13,270,2,-35,-69
5,7,90,-1,-50,-76
5,7,90,-1,-47,-76
5,7,90,-1,-44,-76
13,13,90,-2,-41,-75
13,13,90,-2,-41,-77
13,13,270,1,-35,-76
13,13,270,1,-35,-78
13,13,90,-22,-41,0
13,13,180,-21,-38,0
13,13,180,-19,-38,0
13,13,270,-19,-35,-1
13,13,90,4,-41,0
13,13,180,5,-38,2
13,13,180,7,-38,2
13,13,270,7,-35,-1
5,7,180,-70,-50,0
5,7,180,-70,-47,0
5,7,180,-70,-44,0
13,13,180,-69,-41,1
13,13,180,-71,-41,1
13,13,0,-70,-35,-2
13,13,0,-72,-35,-2
5,7,270,0,-50,-104
5,7,270,0,-47,-104
5,7,270,0,-44,-104
13,13,270,1,-41,-105
13,13,270,1,-41,-103
13,13,90,-2,-35,-104
13,13,90,-2,-35,-102
13,13,270,2,-41,-96
13,13,270,2,-41,-94
13,13,0,-1,-38,-96
13,13,90,-1,-35,-95
13,13,90,-1,-35,-93
13,13,270,64,-41,15
13,13,270,64,-41,17
13,13,0,63,-38,15
13,13,90,61,-35,16
13,13,90,61,-35,18
13,13,270,66,-41,8
13,13,270,66,-41,10
13,13,0,63,-38,8
13,13,90,63,-35,9
13,13,90,63,-35,11
5,7,90,66,-50,64
5,7,90,66,-47,64
5,7,90,66,-44,64
13,13,180,66,-38,65
13,13,180,68,-38,65
13,13,90,61,-41,81
13,13,90,61,-41,79
13,13,180,64,-38,81
13,13,270,64,-35,80
13,13,270,64,-35,78
13,13,90,65,-41,65
13,13,270,68,-35,64
5,7,90,74,-50,77
5,7,90,74,-47,77
5,7,90,74,-44,77
13,13,90,73,-41,78
13,13,90,73,-41,76
13,13,180,74,-38,78
13,13,180,76,-38,78
13,13,270,76,-35,77
13,13,270,76,-35,75
5,7,90,83,-50,76
5,7,90,83,-47,76
5,7,90,83,-44,76
13,13,90,82,-41,77
13,13,90,82,-41,75
13,13,180,83,-38,77
13,13,180,85,-38,77
13,13,270,85,-35,76
13,13,270,85,-35,74
5,7,90,73,-50,68
5,7,90,73,-47,68
5,7,90,73,-44,68
13,13,90,72,-41,69
13,13,90,72,-41,67
13,13,180,73,-38,69
13,13,180,75,-38,69
13,13,270,75,-35,68
13,13,270,75,-35,66
5,7,90,67,-50,71
5,7,90,67,-47,71
5,7,90,67,-44,71
13,13,90,66,-41,72
13,13,90,66,-41,70
13,13,180,67,-38,72
13,13,180,69,-38,72
13,13,270,69,-35,71
13,13,270,69,-35,69
5,7,90,67,-50,85
5,7,90,67,-47,85
5,7,90,67,-44,85
13,13,90,66,-41,86
13,13,90,66,-41,84
13,13,180,67,-38,86
13,13,180,69,-38,86
13,13,270,69,-35,85
13,13,270,69,-35,83
5,7,90,82,-50,85
5,7,90,82,-47,85
5,7,90,82,-44,85
13,13,90,81,-41,86
13,13,90,81,-41,84
13,13,180,82,-38,86
13,13,180,84,-38,86
13,13,270,84,-35,85
13,13,270,84,-35,83
5,7,90,89,-50,88
5,7,90,89,-47,88
5,7,90,89,-44,88
13,13,90,88,-41,89
13,13,90,88,-41,87
13,13,180,89,-38,89
13,13,180,91,-38,89
13,13,270,91,-35,88
13,13,270,91,-35,86
5,7,90,83,-50,68
5,7,90,83,-47,68
5,7,90,83,-44,68
13,13,90,82,-41,69
13,13,90,82,-41,67
13,13,180,83,-38,69
13,13,180,85,-38,69
13,13,270,85,-35,68
13,13,270,85,-35,66
5,7,90,92,-50,66
5,7,90,92,-47,66
5,7,90,92,-44,66
13,13,90,91,-41,67
13,13,90,91,-41,65
13,13,180,92,-38,67
13,13,180,94,-38,67
13,13,270,94,-35,66
13,13,270,94,-35,64
5,7,90,95,-50,75
5,7,90,95,-47,75
5,7,90,95,-44,75
13,13,90,94,-41,76
13,13,90,94,-41,74
13,13,180,95,-38,76
13,13,180,97,-38,76
13,13,270,97,-35,75
13,13,270,97,-35,73
5,7,90,93,-50,82
5,7,90,93,-47,82
5,7,90,93,-44,82
13,13,90,92,-41,83
13,13,90,92,-41,81
13,13,180,93,-38,83
13,13,180,95,-38,83
13,13,270,95,-35,82
13,13,270,95,-35,80
5,7,90,79,-50,90
5,7,90,79,-47,90
5,7,90,79,-44,90
13,13,90,78,-41,91
13,13,90,78,-41,89
13,13,180,79,-38,91
13,13,180,81,-38,91
13,13,270,81,-35,90
13,13,270,81,-35,88
5,7,90,66,-50,92
5,7,90,66,-47,92
5,7,90,66,-44,92
13,13,90,65,-41,93
13,13,90,65,-41,91
13,13,180,66,-38,93
13,13,180,68,-38,93
13,13,270,68,-35,92
13,13,270,68,-35,90
5,7,90,90,-50,95
5,7,90,90,-47,95
5,7,90,90,-44,95
13,13,90,89,-41,96
13,13,90,89,-41,94
13,13,180,90,-38,96
13,13,180,92,-38,96
13,13,270,92,-35,95
13,13,270,92,-35,93
5,7,90,97,-50,93
5,7,90,97,-47,93
5,7,90,97,-44,93
13,13,90,96,-41,94
13,13,90,96,-41,92
13,13,180,97,-38,94
13,13,180,99,-38,94
13,13,270,99,-35,93
13,13,270,99,-35,91
5,7,270,98,-50,21
5,7,270,98,-47,21
5,7,270,98,-44,21
13,13,270,99,-41,20
13,13,270,99,-41,22
13,13,0,98,-38,20
13,13,0,96,-38,20
13,13,90,96,-35,21
13,13,90,96,-35,23
5,7,270,92,-50,27
5,7,270,92,-47,27
5,7,270,92,-44,27
13,13,270,93,-41,26
13,13,270,93,-41,28
13,13,0,92,-38,26
13,13,0,90,-38,26
13,13,90,90,-35,27
13,13,90,90,-35,29
5,7,270,84,-50,14
5,7,270,84,-47,14
5,7,270,84,-44,14
13,13,270,85,-41,13
13,13,270,85,-41,15
13,13,0,84,-38,13
13,13,0,82,-38,13
13,13,90,82,-35,14
13,13,90,82,-35,16
5,7,270,75,-50,15
5,7,270,75,-47,15
5,7,270,75,-44,15
13,13,270,76,-41,14
13,13,270,76,-41,16
13,13,0,75,-38,14
13,13,0,73,-38,14
13,13,90,73,-35,15
13,13,90,73,-35,17
5,7,270,85,-50,23
5,7,270,85,-47,23
5,7,270,85,-44,23
13,13,270,86,-41,22
13,13,270,86,-41,24
13,13,0,85,-38,22
13,13,0,83,-38,22
13,13,90,83,-35,23
13,13,90,83,-35,25
5,7,270,91,-50,20
5,7,270,91,-47,20
5,7,270,91,-44,20
13,13,270,92,-41,19
13,13,270,92,-41,21
13,13,0,91,-38,19
13,13,0,89,-38,19
13,13,90,89,-35,20
13,13,90,89,-35,22
5,7,270,96,-50,11
5,7,270,96,-47,11
5,7,270,96,-44,11
13,13,270,97,-41,10
13,13,270,97,-41,12
13,13,0,96,-38,10
13,13,0,94,-38,10
13,13,90,94,-35,11
13,13,90,94,-35,13
5,7,270,91,-50,6
5,7,270,91,-47,6
5,7,270,91,-44,6
13,13,270,92,-41,5
13,13,270,92,-41,7
13,13,0,91,-38,5
13,13,0,89,-38,5
13,13,90,89,-35,6
13,13,90,89,-35,8
5,7,270,76,-50,6
5,7,270,76,-47,6
5,7,270,76,-44,6
13,13,270,77,-41,5
13,13,270,77,-41,7
13,13,0,76,-38,5
13,13,0,74,-38,5
13,13,90,74,-35,6
13,13,90,74,-35,8
5,7,270,69,-50,3
5,7,270,69,-47,3
5,7,270,69,-44,3
13,13,270,70,-41,2
13,13,270,70,-41,4
13,13,0,69,-38,2
13,13,0,67,-38,2
13,13,90,67,-35,3
13,13,90,67,-35,5
5,7,270,75,-50,23
5,7,270,75,-47,23
5,7,270,75,-44,23
13,13,270,76,-41,22
13,13,270,76,-41,24
13,13,0,75,-38,22
13,13,0,73,-38,22
13,13,90,73,-35,23
13,13,90,73,-35,25
5,7,270,82,-50,29
5,7,270,82,-47,29
5,7,270,82,-44,29
13,13,270,83,-41,28
13,13,270,83,-41,30
13,13,0,82,-38,28
13,13,0,80,-38,28
13,13,90,80,-35,29
13,13,90,80,-35,31
5,7,270,66,-50,25
5,7,270,66,-47,25
5,7,270,66,-44,25
13,13,270,67,-41,24
13,13,270,67,-41,26
13,13,0,66,-38,24
13,13,0,64,-38,24
13,13,90,64,-35,25
13,13,90,64,-35,27
5,7,270,65,-50,9
5,7,270,65,-47,9
5,7,270,65,-44,9
13,13,0,65,-38,8
5,7,270,79,-50,1
5,7,270,79,-47,1
5,7,270,79,-44,1
13,13,270,80,-41,0
13,13,270,80,-41,2
13,13,0,79,-38,0
13,13,0,77,-38,0
13,13,90,77,-35,1
13,13,90,77,-35,3
13,13,270,93,-41,0
13,13,90,90,-35,1
5,7,270,102,-50,4
5,7,270,102,-47,4
5,7,270,102,-44,4
13,13,270,103,-41,3
13,13,270,103,-41,5
13,13,0,102,-38,3
13,13,0,100,-38,3
13,13,90,100,-35,4
13,13,90,100,-35,6
5,7,270,104,-50,16
5,7,270,104,-47,16
5,7,270,104,-44,16
13,13,270,105,-41,15
13,13,270,105,-41,17
13,13,0,104,-38,15
13,13,0,102,-38,15
13,13,90,102,-35,16
13,13,90,102,-35,18
13,13,90,65,-41,63
13,13,270,68,-35,62
5,7,90,76,-50,62
5,7,90,76,-47,62
5,7,90,76,-44,62
13,13,90,75,-41,63
13,13,90,75,-41,61
13,13,180,76,-38,63
13,13,180,78,-38,63
13,13,270,78,-35,62
13,13,270,78,-35,60
5,7,180,23,-50,75
5,7,180,23,-47,75
5,7,180,23,-44,75
13,13,180,24,-41,76
13,13,180,22,-41,76
13,13,270,24,-38,75
13,13,270,24,-38,73
13,13,0,23,-35,73
13,13,0,21,-35,73
5,7,180,17,-50,69
5,7,180,17,-47,69
5,7,180,17,-44,69
13,13,180,18,-41,70
13,13,180,16,-41,70
13,13,270,18,-38,69
13,13,270,18,-38,67
13,13,0,17,-35,67
13,13,0,15,-35,67
5,7,180,24,-50,68
5,7,180,24,-47,68
5,7,180,24,-44,68
13,13,180,25,-41,69
13,13,180,23,-41,69
13,13,270,25,-38,68
13,13,270,25,-38,66
13,13,0,24,-35,66
13,13,0,22,-35,66
5,7,180,33,-50,73
5,7,180,33,-47,73
5,7,180,33,-44,73
13,13,180,34,-41,74
13,13,180,32,-41,74
13,13,270,34,-38,73
13,13,270,34,-38,71
13,13,0,33,-35,71
13,13,0,31,-35,71
5,7,180,38,-50,68
5,7,180,38,-47,68
5,7,180,38,-44,68
13,13,180,39,-41,69
13,13,180,37,-41,69
13,13,270,39,-38,68
13,13,270,39,-38,66
13,13,0,38,-35,66
13,13,0,36,-35,66
5,7,180,45,-50,69
5,7,180,45,-47,69
5,7,180,45,-44,69
13,13,180,46,-41,70
13,13,180,44,-41,70
13,13,270,46,-38,69
13,13,270,46,-38,67
13,13,0,45,-35,67
13,13,0,43,-35,67
5,7,180,40,-50,79
5,7,180,40,-47,79
5,7,180,40,-44,79
13,13,180,41,-41,80
13,13,180,39,-41,80
13,13,270,41,-38,79
13,13,270,41,-38,77
13,13,0,40,-35,77
13,13,0,38,-35,77
5,7,180,28,-50,81
5,7,180,28,-47,81
5,7,180,28,-44,81
13,13,180,29,-41,82
13,13,180,27,-41,82
13,13,270,29,-38,81
13,13,270,29,-38,79
13,13,0,28,-35,79
13,13,0,26,-35,79
5,7,90,60,-50,70
5,7,90,60,-47,70
5,7,90,60,-44,70
13,13,90,59,-41,71
13,13,90,59,-41,69
13,13,180,60,-38,71
13,13,180,62,-38,71
13,13,270,62,-35,70
13,13,270,62,-35,68
5,7,90,62,-50,80
5,7,90,62,-47,80
5,7,90,62,-44,80
13,13,180,62,-38,81
5,7,90,56,-50,87
5,7,90,56,-47,87
5,7,90,56,-44,87
13,13,90,55,-41,88
13,13,90,55,-41,86
13,13,180,56,-38,88
13,13,180,58,-38,88
13,13,270,58,-35,87
13,13,270,58,-35,85
5,7,90,54,-50,75
5,7,90,54,-47,75
5,7,90,54,-44,75
13,13,90,53,-41,76
13,13,90,53,-41,74
13,13,180,54,-38,76
13,13,180,56,-38,76
13,13,270,56,-35,75
13,13,270,56,-35,73
13,13,270,17,-38,0
5,7,180,1,-50,39
5,7,180,1,-47,39
5,7,180,1,-44,39
13,13,180,2,-41,40
13,13,0,1,-35,37
5,7,180,30,-50,61
5,7,180,30,-47,61
5,7,180,30,-44,61
13,13,180,31,-41,62
13,13,180,29,-41,62
13,13,270,31,-38,61
13,13,270,31,-38,59
13,13,0,30,-35,59
13,13,0,28,-35,59
5,7,180,29,-50,52
5,7,180,29,-47,52
5,7,180,29,-44,52
13,13,180,30,-41,53
13,13,180,28,-41,53
13,13,270,30,-38,52
13,13,270,30,-38,50
13,13,0,29,-35,50
13,13,0,27,-35,50
5,7,180,21,-50,62
5,7,180,21,-47,62
5,7,180,21,-44,62
13,13,180,22,-41,63
13,13,180,20,-41,63
13,13,270,22,-38,62
13,13,270,22,-38,60
13,13,0,21,-35,60
13,13,0,19,-35,60
5,7,180,38,-50,53
5,7,180,38,-47,53
5,7,180,38,-44,53
13,13,180,39,-41,54
13,13,180,37,-41,54
13,13,270,39,-38,53
13,13,270,39,-38,51
13,13,0,38,-35,51
13,13,0,36,-35,51
5,7,180,41,-50,46
5,7,180,41,-47,46
5,7,180,41,-44,46
13,13,180,42,-41,47
13,13,180,40,-41,47
13,13,270,42,-38,46
13,13,270,42,-38,44
13,13,0,41,-35,44
13,13,0,39,-35,44
5,7,180,21,-50,52
5,7,180,21,-47,52
5,7,180,21,-44,52
13,13,180,22,-41,53
13,13,180,20,-41,53
13,13,270,22,-38,52
13,13,270,22,-38,50
13,13,0,21,-35,50
13,13,0,19,-35,50
5,7,180,15,-50,59
5,7,180,15,-47,59
5,7,180,15,-44,59
13,13,180,16,-41,60
13,13,180,14,-41,60
13,13,270,16,-38,59
13,13,270,16,-38,57
13,13,0,15,-35,57
13,13,0,13,-35,57
5,7,180,19,-50,43
5,7,180,19,-47,43
5,7,180,19,-44,43
13,13,180,20,-41,44
13,13,180,18,-41,44
13,13,270,20,-38,43
13,13,270,20,-38,41
13,13,0,19,-35,41
13,13,0,17,-35,41
5,7,180,28,-50,40
5,7,180,28,-47,40
5,7,180,28,-44,40
13,13,180,29,-41,41
13,13,180,27,-41,41
13,13,270,29,-38,40
13,13,270,29,-38,38
13,13,0,28,-35,38
13,13,0,26,-35,38
5,7,180,35,-50,42
5,7,180,35,-47,42
5,7,180,35,-44,42
13,13,180,36,-41,43
13,13,180,34,-41,43
13,13,270,36,-38,42
13,13,270,36,-38,40
13,13,0,35,-35,40
13,13,0,33,-35,40
5,7,180,43,-50,56
5,7,180,43,-47,56
5,7,180,43,-44,56
13,13,180,44,-41,57
13,13,180,42,-41,57
13,13,270,44,-38,56
13,13,270,44,-38,54
13,13,0,43,-35,54
13,13,0,41,-35,54
5,7,180,48,-50,45
5,7,180,48,-47,45
5,7,180,48,-44,45
13,13,180,49,-41,46
13,13,180,47,-41,46
13,13,270,49,-38,45
13,13,270,49,-38,43
13,13,0,48,-35,43
13,13,0,46,-35,43
5,7,180,46,-50,38
5,7,180,46,-47,38
5,7,180,46,-44,38
13,13,180,47,-41,39
13,13,180,45,-41,39
13,13,270,47,-38,38
13,13,270,47,-38,36
13,13,0,46,-35,36
13,13,0,44,-35,36
5,7,270,63,-50,16
5,7,270,63,-47,16
5,7,270,63,-44,16
13,13,0,61,-38,15
5,7,90,2,-50,23
5,7,90,2,-47,23
5,7,90,2,-44,23
13,13,90,1,-41,24
13,13,90,1,-41,22
13,13,180,2,-38,24
13,13,180,4,-38,24
13,13,270,4,-35,23
13,13,270,4,-35,21
5,7,90,5,-50,1
5,7,90,5,-47,1
5,7,90,5,-44,1
13,13,90,4,-41,2
13,13,270,7,-35,1
5,7,90,8,-50,10
5,7,90,8,-47,10
5,7,90,8,-44,10
13,13,90,7,-41,11
13,13,90,7,-41,9
13,13,180,8,-38,11
13,13,180,10,-38,11
13,13,270,10,-35,10
13,13,270,10,-35,8
5,7,90,6,-50,17
5,7,90,6,-47,17
5,7,90,6,-44,17
13,13,90,5,-41,18
13,13,90,5,-41,16
13,13,180,6,-38,18
13,13,180,8,-38,18
13,13,270,8,-35,17
13,13,270,8,-35,15
5,7,90,3,-50,30
5,7,90,3,-47,30
5,7,90,3,-44,30
13,13,90,2,-41,31
13,13,90,2,-41,29
13,13,180,3,-38,31
13,13,180,5,-38,31
13,13,270,5,-35,30
13,13,270,5,-35,28
5,7,90,10,-50,28
5,7,90,10,-47,28
5,7,90,10,-44,28
13,13,90,9,-41,29
13,13,90,9,-41,27
13,13,180,10,-38,29
13,13,180,12,-38,29
13,13,270,12,-35,28
13,13,270,12,-35,26
5,7,90,19,-50,13
5,7,90,19,-47,13
5,7,90,19,-44,13
13,13,90,18,-41,14
13,13,90,18,-41,12
13,13,180,19,-38,14
13,13,180,21,-38,14
13,13,270,21,-35,13
13,13,270,21,-35,11
5,7,90,25,-50,7
5,7,90,25,-47,7
5,7,90,25,-44,7
13,13,90,24,-41,8
13,13,90,24,-41,6
13,13,180,25,-38,8
13,13,180,27,-38,8
13,13,270,27,-35,7
13,13,270,27,-35,5
5,7,90,33,-50,20
5,7,90,33,-47,20
5,7,90,33,-44,20
13,13,90,32,-41,21
13,13,90,32,-41,19
13,13,180,33,-38,21
13,13,180,35,-38,21
13,13,270,35,-35,20
13,13,270,35,-35,18
5,7,90,42,-50,19
5,7,90,42,-47,19
5,7,90,42,-44,19
13,13,90,41,-41,20
13,13,90,41,-41,18
13,13,180,42,-38,20
13,13,180,44,-38,20
13,13,270,44,-35,19
13,13,270,44,-35,17
5,7,90,32,-50,11
5,7,90,32,-47,11
5,7,90,32,-44,11
13,13,90,31,-41,12
13,13,90,31,-41,10
13,13,180,32,-38,12
13,13,180,34,-38,12
13,13,270,34,-35,11
13,13,270,34,-35,9
5,7,90,26,-50,14
5,7,90,26,-47,14
5,7,90,26,-44,14
13,13,90,25,-41,15
13,13,90,25,-41,13
13,13,180,26,-38,15
13,13,180,28,-38,15
13,13,270,28,-35,14
13,13,270,28,-35,12
5,7,90,21,-50,23
5,7,90,21,-47,23
5,7,90,21,-44,23
13,13,90,20,-41,24
13,13,90,20,-41,22
13,13,180,21,-38,24
13,13,180,23,-38,24
13,13,270,23,-35,23
13,13,270,23,-35,21
5,7,90,26,-50,28
5,7,90,26,-47,28
5,7,90,26,-44,28
13,13,90,25,-41,29
13,13,90,25,-41,27
13,13,180,26,-38,29
13,13,180,28,-38,29
13,13,270,28,-35,28
13,13,270,28,-35,26
5,7,90,41,-50,28
5,7,90,41,-47,28
5,7,90,41,-44,28
13,13,90,40,-41,29
13,13,90,40,-41,27
13,13,180,41,-38,29
13,13,180,43,-38,29
13,13,270,43,-35,28
13,13,270,43,-35,26
5,7,90,48,-50,31
5,7,90,48,-47,31
5,7,90,48,-44,31
13,13,90,47,-41,32
13,13,90,47,-41,30
13,13,180,48,-38,32
13,13,180,50,-38,32
13,13,270,50,-35,31
13,13,270,50,-35,29
5,7,90,42,-50,11
5,7,90,42,-47,11
5,7,90,42,-44,11
13,13,90,41,-41,12
13,13,90,41,-41,10
13,13,180,42,-38,12
13,13,180,44,-38,12
13,13,270,44,-35,11
13,13,270,44,-35,9
5,7,90,35,-50,5
5,7,90,35,-47,5
5,7,90,35,-44,5
13,13,90,34,-41,6
13,13,90,34,-41,4
13,13,180,35,-38,6
13,13,180,37,-38,6
13,13,270,37,-35,5
13,13,270,37,-35,3
5,7,90,51,-50,9
5,7,90,51,-47,9
5,7,90,51,-44,9
13,13,90,50,-41,10
13,13,90,50,-41,8
13,13,180,51,-38,10
13,13,180,53,-38,10
13,13,270,53,-35,9
13,13,270,53,-35,7
5,7,90,54,-50,18
5,7,90,54,-47,18
5,7,90,54,-44,18
13,13,90,53,-41,19
13,13,90,53,-41,17
13,13,180,54,-38,19
13,13,180,56,-38,19
13,13,270,56,-35,18
13,13,270,56,-35,16
5,7,90,52,-50,25
5,7,90,52,-47,25
5,7,90,52,-44,25
13,13,90,51,-41,26
13,13,90,51,-41,24
13,13,180,52,-38,26
13,13,180,54,-38,26
13,13,270,54,-35,25
13,13,270,54,-35,23
5,7,90,38,-50,33
5,7,90,38,-47,33
5,7,90,38,-44,33
13,13,90,37,-41,34
13,13,90,37,-41,32
13,13,180,38,-38,34
13,13,180,40,-38,34
13,13,270,40,-35,33
13,13,270,40,-35,31
5,7,90,25,-50,35
5,7,90,25,-47,35
5,7,90,25,-44,35
13,13,90,24,-41,36
13,13,90,24,-41,34
13,13,180,25,-38,36
13,13,180,27,-38,36
13,13,270,27,-35,35
13,13,270,27,-35,33
5,7,90,49,-50,38
5,7,90,49,-47,38
5,7,90,49,-44,38
13,13,90,48,-41,39
13,13,90,48,-41,37
13,13,180,49,-38,39
13,13,180,51,-38,39
13,13,270,51,-35,38
13,13,270,51,-35,36
5,7,90,56,-50,36
5,7,90,56,-47,36
5,7,90,56,-44,36
13,13,90,55,-41,37
13,13,90,55,-41,35
13,13,180,56,-38,37
13,13,180,58,-38,37
13,13,270,58,-35,36
13,13,270,58,-35,34
5,7,90,15,-50,30
5,7,90,15,-47,30
5,7,90,15,-44,30
13,13,90,14,-41,31
13,13,90,14,-41,29
13,13,180,15,-38,31
13,13,180,17,-38,31
13,13,270,17,-35,30
13,13,270,17,-35,28
5,7,90,13,-50,18
5,7,90,13,-47,18
5,7,90,13,-44,18
13,13,90,12,-41,19
13,13,90,12,-41,17
13,13,180,13,-38,19
13,13,180,15,-38,19
13,13,270,15,-35,18
13,13,270,15,-35,16
5,7,0,63,-50,-47
5,7,0,63,-47,-47
5,7,0,63,-44,-47
13,13,90,62,-38,-47
13,13,90,62,-38,-45
13,13,0,63,-41,-39
13,13,90,63,-38,-38
13,13,90,63,-38,-36
13,13,180,64,-35,-36
5,7,0,53,-50,-65
5,7,0,53,-47,-65
5,7,0,53,-44,-65
13,13,0,52,-41,-66
13,13,0,54,-41,-66
13,13,180,53,-35,-63
13,13,180,55,-35,-63
5,7,180,64,-50,-91
5,7,180,64,-47,-91
5,7,180,64,-44,-91
13,13,270,65,-38,-91
13,13,270,65,-38,-93
13,13,270,93,-41,-2
13,13,90,90,-35,-1
5,7,270,68,-50,-4
5,7,270,68,-47,-4
5,7,270,68,-44,-4
13,13,270,69,-41,-5
13,13,270,69,-41,-3
13,13,0,68,-38,-5
13,13,0,66,-38,-5
13,13,90,66,-35,-4
13,13,90,66,-35,-2
5,7,0,70,-50,-61
5,7,0,70,-47,-61
5,7,0,70,-44,-61
13,13,0,69,-41,-62
13,13,0,71,-41,-62
13,13,90,69,-38,-61
13,13,90,69,-38,-59
13,13,180,70,-35,-59
13,13,180,72,-35,-59
5,7,0,76,-50,-55
5,7,0,76,-47,-55
5,7,0,76,-44,-55
13,13,0,75,-41,-56
13,13,0,77,-41,-56
13,13,90,75,-38,-55
13,13,90,75,-38,-53
13,13,180,76,-35,-53
13,13,180,78,-35,-53
13,13,0,64,-41,-48
13,13,180,65,-35,-45
5,7,0,64,-50,-38
5,7,0,64,-47,-38
5,7,0,64,-44,-38
13,13,0,65,-41,-39
13,13,180,66,-35,-36
5,7,0,72,-50,-48
5,7,0,72,-47,-48
5,7,0,72,-44,-48
13,13,0,71,-41,-49
13,13,0,73,-41,-49
13,13,90,71,-38,-48
13,13,90,71,-38,-46
13,13,180,72,-35,-46
13,13,180,74,-35,-46
5,7,0,69,-50,-54
5,7,0,69,-47,-54
5,7,0,69,-44,-54
13,13,0,68,-41,-55
13,13,0,70,-41,-55
13,13,90,68,-38,-54
13,13,90,68,-38,-52
13,13,180,69,-35,-52
13,13,180,71,-35,-52
5,7,0,72,-50,-38
5,7,0,72,-47,-38
5,7,0,72,-44,-38
13,13,0,71,-41,-39
13,13,0,73,-41,-39
13,13,90,71,-38,-38
13,13,90,71,-38,-36
13,13,180,72,-35,-36
13,13,180,74,-35,-36
5,7,0,78,-50,-45
5,7,0,78,-47,-45
5,7,0,78,-44,-45
13,13,0,77,-41,-46
13,13,0,79,-41,-46
13,13,90,77,-38,-45
13,13,90,77,-38,-43
13,13,180,78,-35,-43
13,13,180,80,-35,-43
5,7,0,74,-50,-29
5,7,0,74,-47,-29
5,7,0,74,-44,-29
13,13,0,73,-41,-30
13,13,0,75,-41,-30
13,13,90,73,-38,-29
13,13,90,73,-38,-27
13,13,180,74,-35,-27
13,13,180,76,-35,-27
5,7,0,65,-50,-26
5,7,0,65,-47,-26
5,7,0,65,-44,-26
13,13,0,64,-41,-27
13,13,0,66,-41,-27
13,13,90,64,-38,-26
13,13,90,64,-38,-24
13,13,180,65,-35,-24
13,13,180,67,-35,-24
5,7,180,93,-50,-18
5,7,180,93,-47,-18
5,7,180,93,-44,-18
13,13,180,94,-41,-17
13,13,180,92,-41,-17
13,13,270,94,-38,-18
13,13,270,94,-38,-20
13,13,0,93,-35,-20
13,13,0,91,-35,-20
5,7,180,87,-50,-24
5,7,180,87,-47,-24
5,7,180,87,-44,-24
13,13,180,88,-41,-23
13,13,180,86,-41,-23
13,13,270,88,-38,-24
13,13,270,88,-38,-26
13,13,0,87,-35,-26
13,13,0,85,-35,-26
5,7,180,100,-50,-32
5,7,180,100,-47,-32
5,7,180,100,-44,-32
13,13,180,101,-41,-31
13,13,180,99,-41,-31
13,13,270,101,-38,-32
13,13,270,101,-38,-34
13,13,0,100,-35,-34
13,13,0,98,-35,-34
5,7,180,99,-50,-41
5,7,180,99,-47,-41
5,7,180,99,-44,-41
13,13,180,100,-41,-40
13,13,180,98,-41,-40
13,13,270,100,-38,-41
13,13,270,100,-38,-43
13,13,0,99,-35,-43
13,13,0,97,-35,-43
5,7,180,91,-50,-31
5,7,180,91,-47,-31
5,7,180,91,-44,-31
13,13,180,92,-41,-30
13,13,180,90,-41,-30
13,13,270,92,-38,-31
13,13,270,92,-38,-33
13,13,0,91,-35,-33
13,13,0,89,-35,-33
5,7,180,94,-50,-25
5,7,180,94,-47,-25
5,7,180,94,-44,-25
13,13,180,95,-41,-24
13,13,180,93,-41,-24
13,13,270,95,-38,-25
13,13,270,95,-38,-27
13,13,0,94,-35,-27
13,13,0,92,-35,-27
5,7,180,103,-50,-20
5,7,180,103,-47,-20
5,7,180,103,-44,-20
13,13,180,104,-41,-19
13,13,180,102,-41,-19
13,13,270,104,-38,-20
13,13,270,104,-38,-22
13,13,0,103,-35,-22
13,13,0,101,-35,-22
5,7,180,108,-50,-25
5,7,180,108,-47,-25
5,7,180,108,-44,-25
13,13,180,109,-41,-24
13,13,180,107,-41,-24
13,13,270,109,-38,-25
13,13,270,109,-38,-27
13,13,0,108,-35,-27
13,13,0,106,-35,-27
5,7,180,108,-50,-40
5,7,180,108,-47,-40
5,7,180,108,-44,-40
13,13,180,109,-41,-39
13,13,180,107,-41,-39
13,13,270,109,-38,-40
13,13,270,109,-38,-42
13,13,0,108,-35,-42
13,13,0,106,-35,-42
5,7,180,111,-50,-47
5,7,180,111,-47,-47
5,7,180,111,-44,-47
13,13,180,112,-41,-46
13,13,180,110,-41,-46
13,13,270,112,-38,-47
13,13,270,112,-38,-49
13,13,0,111,-35,-49
13,13,0,109,-35,-49
5,7,180,91,-50,-41
5,7,180,91,-47,-41
5,7,180,91,-44,-41
13,13,180,92,-41,-40
13,13,180,90,-41,-40
13,13,270,92,-38,-41
13,13,270,92,-38,-43
13,13,0,91,-35,-43
13,13,0,89,-35,-43
5,7,180,85,-50,-34
5,7,180,85,-47,-34
5,7,180,85,-44,-34
13,13,180,86,-41,-33
13,13,180,84,-41,-33
13,13,270,86,-38,-34
13,13,270,86,-38,-36
13,13,0,85,-35,-36
13,13,0,83,-35,-36
5,7,180,89,-50,-50
5,7,180,89,-47,-50
5,7,180,89,-44,-50
13,13,180,90,-41,-49
13,13,180,88,-41,-49
13,13,270,90,-38,-50
13,13,270,90,-38,-52
13,13,0,89,-35,-52
13,13,0,87,-35,-52
5,7,180,98,-50,-53
5,7,180,98,-47,-53
5,7,180,98,-44,-53
13,13,180,99,-41,-52
13,13,180,97,-41,-52
13,13,270,99,-38,-53
13,13,270,99,-38,-55
13,13,0,98,-35,-55
13,13,0,96,-35,-55
5,7,180,105,-50,-51
5,7,180,105,-47,-51
5,7,180,105,-44,-51
13,13,180,106,-41,-50
13,13,180,104,-41,-50
13,13,270,106,-38,-51
13,13,270,106,-38,-53
13,13,0,105,-35,-53
13,13,0,103,-35,-53
5,7,180,113,-50,-37
5,7,180,113,-47,-37
5,7,180,113,-44,-37
13,13,180,114,-41,-36
13,13,180,112,-41,-36
13,13,270,114,-38,-37
13,13,270,114,-38,-39
13,13,0,113,-35,-39
13,13,0,111,-35,-39
5,7,180,115,-50,-24
5,7,180,115,-47,-24
5,7,180,115,-44,-24
13,13,180,116,-41,-23
13,13,180,114,-41,-23
13,13,270,116,-38,-24
13,13,270,116,-38,-26
13,13,0,115,-35,-26
13,13,0,113,-35,-26
5,7,180,118,-50,-48
5,7,180,118,-47,-48
5,7,180,118,-44,-48
13,13,180,119,-41,-47
13,13,180,117,-41,-47
13,13,270,119,-38,-48
13,13,270,119,-38,-50
13,13,0,118,-35,-50
13,13,0,116,-35,-50
5,7,180,116,-50,-55
5,7,180,116,-47,-55
5,7,180,116,-44,-55
13,13,180,117,-41,-54
13,13,180,115,-41,-54
13,13,270,117,-38,-55
13,13,270,117,-38,-57
13,13,0,116,-35,-57
13,13,0,114,-35,-57
5,7,180,110,-50,-14
5,7,180,110,-47,-14
5,7,180,110,-44,-14
13,13,180,111,-41,-13
13,13,180,109,-41,-13
13,13,270,111,-38,-14
13,13,270,111,-38,-16
13,13,0,110,-35,-16
13,13,0,108,-35,-16
5,7,180,98,-50,-12
5,7,180,98,-47,-12
5,7,180,98,-44,-12
13,13,180,99,-41,-11
13,13,180,97,-41,-11
13,13,270,99,-38,-12
13,13,270,99,-38,-14
13,13,0,98,-35,-14
13,13,0,96,-35,-14
5,7,0,65,-50,-67
5,7,0,65,-47,-67
5,7,0,65,-44,-67
13,13,0,64,-41,-68
13,13,0,66,-41,-68
13,13,90,64,-38,-67
13,13,90,64,-38,-65
13,13,180,65,-35,-65
13,13,180,67,-35,-65
5,7,180,72,-50,-75
5,7,180,72,-47,-75
5,7,180,72,-44,-75
13,13,180,73,-41,-74
13,13,180,71,-41,-74
13,13,270,73,-38,-75
13,13,270,73,-38,-77
13,13,0,72,-35,-77
13,13,0,70,-35,-77
5,7,180,66,-50,-81
5,7,180,66,-47,-81
5,7,180,66,-44,-81
13,13,180,67,-41,-80
13,13,180,65,-41,-80
13,13,270,67,-38,-81
13,13,270,67,-38,-83
13,13,0,66,-35,-83
13,13,0,64,-35,-83
5,7,180,79,-50,-89
5,7,180,79,-47,-89
5,7,180,79,-44,-89
13,13,180,80,-41,-88
13,13,180,78,-41,-88
13,13,270,80,-38,-89
13,13,270,80,-38,-91
13,13,0,79,-35,-91
13,13,0,77,-35,-91
5,7,180,78,-50,-98
5,7,180,78,-47,-98
5,7,180,78,-44,-98
13,13,180,79,-41,-97
13,13,180,77,-41,-97
13,13,270,79,-38,-98
13,13,270,79,-38,-100
13,13,0,78,-35,-100
13,13,0,76,-35,-100
5,7,180,70,-50,-88
5,7,180,70,-47,-88
5,7,180,70,-44,-88
13,13,180,71,-41,-87
13,13,180,69,-41,-87
13,13,270,71,-38,-88
13,13,270,71,-38,-90
13,13,0,70,-35,-90
13,13,0,68,-35,-90
5,7,180,73,-50,-82
5,7,180,73,-47,-82
5,7,180,73,-44,-82
13,13,180,74,-41,-81
13,13,180,72,-41,-81
13,13,270,74,-38,-82
13,13,270,74,-38,-84
13,13,0,73,-35,-84
13,13,0,71,-35,-84
5,7,180,82,-50,-77
5,7,180,82,-47,-77
5,7,180,82,-44,-77
13,13,180,83,-41,-76
13,13,180,81,-41,-76
13,13,270,83,-38,-77
13,13,270,83,-38,-79
13,13,0,82,-35,-79
13,13,0,80,-35,-79
5,7,180,87,-50,-82
5,7,180,87,-47,-82
5,7,180,87,-44,-82
13,13,180,88,-41,-81
13,13,180,86,-41,-81
13,13,270,88,-38,-82
13,13,270,88,-38,-84
13,13,0,87,-35,-84
13,13,0,85,-35,-84
5,7,180,87,-50,-97
5,7,180,87,-47,-97
5,7,180,87,-44,-97
13,13,180,88,-41,-96
13,13,180,86,-41,-96
13,13,270,88,-38,-97
13,13,270,88,-38,-99
13,13,0,87,-35,-99
13,13,0,85,-35,-99
5,7,180,90,-50,-104
5,7,180,90,-47,-104
5,7,180,90,-44,-104
13,13,180,91,-41,-103
13,13,180,89,-41,-103
13,13,270,91,-38,-104
13,13,270,91,-38,-106
13,13,0,90,-35,-106
13,13,0,88,-35,-106
5,7,180,70,-50,-98
5,7,180,70,-47,-98
5,7,180,70,-44,-98
13,13,180,71,-41,-97
13,13,180,69,-41,-97
13,13,270,71,-38,-98
13,13,270,71,-38,-100
13,13,0,70,-35,-100
13,13,0,68,-35,-100
13,13,180,65,-41,-90
13,13,0,64,-35,-93
5,7,180,68,-50,-107
5,7,180,68,-47,-107
5,7,180,68,-44,-107
13,13,180,69,-41,-106
13,13,180,67,-41,-106
13,13,270,69,-38,-107
13,13,270,69,-38,-109
13,13,0,68,-35,-109
13,13,0,66,-35,-109
5,7,180,77,-50,-110
5,7,180,77,-47,-110
5,7,180,77,-44,-110
13,13,180,78,-41,-109
13,13,180,76,-41,-109
13,13,270,78,-38,-110
13,13,270,78,-38,-112
13,13,0,77,-35,-112
13,13,0,75,-35,-112
5,7,180,84,-50,-108
5,7,180,84,-47,-108
5,7,180,84,-44,-108
13,13,180,85,-41,-107
13,13,180,83,-41,-107
13,13,270,85,-38,-108
13,13,270,85,-38,-110
13,13,0,84,-35,-110
13,13,0,82,-35,-110
5,7,180,92,-50,-94
5,7,180,92,-47,-94
5,7,180,92,-44,-94
13,13,180,93,-41,-93
13,13,180,91,-41,-93
13,13,270,93,-38,-94
13,13,270,93,-38,-96
13,13,0,92,-35,-96
13,13,0,90,-35,-96
5,7,180,94,-50,-81
5,7,180,94,-47,-81
5,7,180,94,-44,-81
13,13,180,95,-41,-80
13,13,180,93,-41,-80
13,13,270,95,-38,-81
13,13,270,95,-38,-83
13,13,0,94,-35,-83
13,13,0,92,-35,-83
5,7,180,97,-50,-105
5,7,180,97,-47,-105
5,7,180,97,-44,-105
13,13,180,98,-41,-104
13,13,180,96,-41,-104
13,13,270,98,-38,-105
13,13,270,98,-38,-107
13,13,0,97,-35,-107
13,13,0,95,-35,-107
5,7,180,95,-50,-112
5,7,180,95,-47,-112
5,7,180,95,-44,-112
13,13,180,96,-41,-111
13,13,180,94,-41,-111
13,13,270,96,-38,-112
13,13,270,96,-38,-114
13,13,0,95,-35,-114
13,13,0,93,-35,-114
5,7,180,89,-50,-71
5,7,180,89,-47,-71
5,7,180,89,-44,-71
13,13,180,90,-41,-70
13,13,180,88,-41,-70
13,13,270,90,-38,-71
13,13,270,90,-38,-73
13,13,0,89,-35,-73
13,13,0,87,-35,-73
5,7,180,77,-50,-69
5,7,180,77,-47,-69
5,7,180,77,-44,-69
13,13,180,78,-41,-68
13,13,180,76,-41,-68
13,13,270,78,-38,-69
13,13,270,78,-38,-71
13,13,0,77,-35,-71
13,13,0,75,-35,-71
5,7,180,7,-50,-14
5,7,180,7,-47,-14
5,7,180,7,-44,-14
13,13,180,8,-41,-13
13,13,180,6,-41,-13
13,13,270,8,-38,-14
13,13,270,8,-38,-16
13,13,0,7,-35,-16
13,13,0,5,-35,-16
5,7,180,14,-50,-13
5,7,180,14,-47,-13
5,7,180,14,-44,-13
13,13,180,15,-41,-12
13,13,180,13,-41,-12
13,13,270,15,-38,-13
13,13,270,15,-38,-15
13,13,0,14,-35,-15
13,13,0,12,-35,-15
5,7,180,22,-50,-14
5,7,180,22,-47,-14
5,7,180,22,-44,-14
13,13,180,23,-41,-13
13,13,180,21,-41,-13
13,13,270,23,-38,-14
13,13,270,23,-38,-16
13,13,0,22,-35,-16
13,13,0,20,-35,-16
5,7,180,14,-50,-22
5,7,180,14,-47,-22
5,7,180,14,-44,-22
13,13,180,15,-41,-21
13,13,180,13,-41,-21
13,13,270,15,-38,-22
13,13,270,15,-38,-24
13,13,0,14,-35,-24
13,13,0,12,-35,-24
5,7,180,8,-50,-23
5,7,180,8,-47,-23
5,7,180,8,-44,-23
13,13,180,9,-41,-22
13,13,180,7,-41,-22
13,13,270,9,-38,-23
13,13,270,9,-38,-25
13,13,0,8,-35,-25
13,13,0,6,-35,-25
5,7,180,11,-50,-27
5,7,180,11,-47,-27
5,7,180,11,-44,-27
13,13,180,12,-41,-26
13,13,180,10,-41,-26
13,13,270,12,-38,-27
13,13,270,12,-38,-29
13,13,0,11,-35,-29
13,13,0,9,-35,-29
5,7,180,20,-50,-24
5,7,180,20,-47,-24
5,7,180,20,-44,-24
13,13,180,21,-41,-23
13,13,180,19,-41,-23
13,13,270,21,-38,-24
13,13,270,21,-38,-26
13,13,0,20,-35,-26
13,13,0,18,-35,-26
5,7,180,19,-50,-31
5,7,180,19,-47,-31
5,7,180,19,-44,-31
13,13,180,20,-41,-30
13,13,180,18,-41,-30
13,13,270,20,-38,-31
13,13,270,20,-38,-33
13,13,0,19,-35,-33
13,13,0,17,-35,-33
5,7,180,23,-50,-3
5,7,180,23,-47,-3
5,7,180,23,-44,-3
13,13,180,24,-41,-2
13,13,180,22,-41,-2
13,13,270,24,-38,-3
13,13,270,24,-38,-5
13,13,0,23,-35,-5
13,13,0,21,-35,-5
13,13,270,17,-38,-2
5,7,180,33,-50,-8
5,7,180,33,-47,-8
5,7,180,33,-44,-8
13,13,180,34,-41,-7
13,13,180,32,-41,-7
13,13,270,34,-38,-8
13,13,270,34,-38,-10
13,13,0,33,-35,-10
13,13,0,31,-35,-10
5,7,180,33,-50,-22
5,7,180,33,-47,-22
5,7,180,33,-44,-22
13,13,180,34,-41,-21
13,13,180,32,-41,-21
13,13,270,34,-38,-22
13,13,270,34,-38,-24
13,13,0,33,-35,-24
13,13,0,31,-35,-24
5,7,180,30,-50,-16
5,7,180,30,-47,-16
5,7,180,30,-44,-16
13,13,180,31,-41,-15
13,13,180,29,-41,-15
13,13,270,31,-38,-16
13,13,270,31,-38,-18
13,13,0,30,-35,-18
13,13,0,28,-35,-18
5,7,270,61,-50,-2
5,7,270,61,-47,-2
5,7,270,61,-44,-2
13,13,270,62,-41,-3
13,13,90,59,-35,-2
13,13,0,62,-41,-48
13,13,180,63,-35,-45
5,7,0,60,-50,-59
5,7,0,60,-47,-59
5,7,0,60,-44,-59
13,13,0,59,-41,-60
13,13,0,61,-41,-60
13,13,90,59,-38,-59
13,13,90,59,-38,-57
13,13,180,60,-35,-57
13,13,180,62,-35,-57
5,7,0,55,-50,-54
5,7,0,55,-47,-54
5,7,0,55,-44,-54
13,13,0,54,-41,-55
13,13,0,56,-41,-55
13,13,90,54,-38,-54
13,13,90,54,-38,-52
13,13,180,55,-35,-52
13,13,180,57,-35,-52
5,7,0,55,-50,-39
5,7,0,55,-47,-39
5,7,0,55,-44,-39
13,13,0,54,-41,-40
13,13,0,56,-41,-40
13,13,90,54,-38,-39
13,13,90,54,-38,-37
13,13,180,55,-35,-37
13,13,180,57,-35,-37
5,7,0,52,-50,-32
5,7,0,52,-47,-32
5,7,0,52,-44,-32
13,13,0,51,-41,-33
13,13,0,53,-41,-33
13,13,90,51,-38,-32
13,13,90,51,-38,-30
13,13,180,52,-35,-30
13,13,180,54,-35,-30
5,7,0,58,-50,-28
5,7,0,58,-47,-28
5,7,0,58,-44,-28
13,13,0,57,-41,-29
13,13,0,59,-41,-29
13,13,90,57,-38,-28
13,13,90,57,-38,-26
13,13,180,58,-35,-26
13,13,180,60,-35,-26
5,7,0,50,-50,-42
5,7,0,50,-47,-42
5,7,0,50,-44,-42
13,13,0,49,-41,-43
13,13,0,51,-41,-43
13,13,90,49,-38,-42
13,13,90,49,-38,-40
13,13,180,50,-35,-40
13,13,180,52,-35,-40
5,7,0,48,-50,-55
5,7,0,48,-47,-55
5,7,0,48,-44,-55
13,13,0,47,-41,-56
13,13,0,49,-41,-56
13,13,90,47,-38,-55
13,13,90,47,-38,-53
13,13,180,48,-35,-53
13,13,180,50,-35,-53
5,7,0,45,-50,-31
5,7,0,45,-47,-31
5,7,0,45,-44,-31
13,13,0,44,-41,-32
13,13,0,46,-41,-32
13,13,90,44,-38,-31
13,13,90,44,-38,-29
13,13,180,45,-35,-29
13,13,180,47,-35,-29
5,7,0,47,-50,-24
5,7,0,47,-47,-24
5,7,0,47,-44,-24
13,13,0,46,-41,-25
13,13,0,48,-41,-25
13,13,90,46,-38,-24
13,13,90,46,-38,-22
13,13,180,47,-35,-22
13,13,180,49,-35,-22
13,13,90,52,-38,-63
5,7,90,8,-50,-59
5,7,90,8,-47,-59
5,7,90,8,-44,-59
13,13,90,7,-41,-58
13,13,90,7,-41,-60
13,13,180,8,-38,-58
13,13,180,10,-38,-58
13,13,270,10,-35,-59
13,13,270,10,-35,-61
5,7,90,15,-50,-56
5,7,90,15,-47,-56
5,7,90,15,-44,-56
13,13,90,14,-41,-55
13,13,90,14,-41,-57
13,13,180,15,-38,-55
13,13,180,17,-38,-55
13,13,270,17,-35,-56
13,13,270,17,-35,-58
5,7,90,19,-50,-62
5,7,90,19,-47,-62
5,7,90,19,-44,-62
13,13,90,18,-41,-61
13,13,90,18,-41,-63
13,13,180,19,-38,-61
13,13,180,21,-38,-61
13,13,270,21,-35,-62
13,13,270,21,-35,-64
5,7,90,5,-50,-54
5,7,90,5,-47,-54
5,7,90,5,-44,-54
13,13,90,4,-41,-53
13,13,90,4,-41,-55
13,13,180,5,-38,-53
13,13,180,7,-38,-53
13,13,270,7,-35,-54
13,13,270,7,-35,-56
5,7,90,16,-50,-49
5,7,90,16,-47,-49
5,7,90,16,-44,-49
13,13,90,15,-41,-48
13,13,90,15,-41,-50
13,13,180,16,-38,-48
13,13,180,18,-38,-48
13,13,270,18,-35,-49
13,13,270,18,-35,-51
5,7,90,23,-50,-51
5,7,90,23,-47,-51
5,7,90,23,-44,-51
13,13,90,22,-41,-50
13,13,90,22,-41,-52
13,13,180,23,-38,-50
13,13,180,25,-38,-50
13,13,270,25,-35,-51
13,13,270,25,-35,-53
13,13,90,52,-38,-65
5,7,90,0,-50,-67
5,7,90,0,-47,-67
5,7,90,0,-44,-67
13,13,180,2,-38,-66
5,7,90,9,-50,-68
5,7,90,9,-47,-68
5,7,90,9,-44,-68
13,13,90,8,-41,-67
13,13,90,8,-41,-69
13,13,180,9,-38,-67
13,13,180,11,-38,-67
13,13,270,11,-35,-68
13,13,270,11,-35,-70
13,13,180,1,-38,-75
5,7,90,9,-50,-76
5,7,90,9,-47,-76
5,7,90,9,-44,-76
13,13,90,8,-41,-75
13,13,90,8,-41,-77
13,13,180,9,-38,-75
13,13,180,11,-38,-75
13,13,270,11,-35,-76
13,13,270,11,-35,-78
5,7,90,2,-50,-82
5,7,90,2,-47,-82
5,7,90,2,-44,-82
13,13,90,1,-41,-81
13,13,90,1,-41,-83
13,13,180,2,-38,-81
13,13,180,4,-38,-81
13,13,270,4,-35,-82
13,13,270,4,-35,-84
5,7,90,18,-50,-78
5,7,90,18,-47,-78
5,7,90,18,-44,-78
13,13,90,17,-41,-77
13,13,90,17,-41,-79
13,13,180,18,-38,-77
13,13,180,20,-38,-77
13,13,270,20,-35,-78
13,13,270,20,-35,-80
5,7,90,21,-50,-69
5,7,90,21,-47,-69
5,7,90,21,-44,-69
13,13,90,20,-41,-68
13,13,90,20,-41,-70
13,13,180,21,-38,-68
13,13,180,23,-38,-68
13,13,270,23,-35,-69
13,13,270,23,-35,-71
13,13,180,63,-41,-90
13,13,0,62,-35,-93
5,7,180,37,-50,-78
5,7,180,37,-47,-78
5,7,180,37,-44,-78
13,13,180,38,-41,-77
13,13,180,36,-41,-77
13,13,270,38,-38,-78
13,13,270,38,-38,-80
13,13,0,37,-35,-80
13,13,0,35,-35,-80
5,7,180,31,-50,-84
5,7,180,31,-47,-84
5,7,180,31,-44,-84
13,13,180,32,-41,-83
13,13,180,30,-41,-83
13,13,270,32,-38,-84
13,13,270,32,-38,-86
13,13,0,31,-35,-86
13,13,0,29,-35,-86
5,7,180,44,-50,-92
5,7,180,44,-47,-92
5,7,180,44,-44,-92
13,13,180,45,-41,-91
13,13,180,43,-41,-91
13,13,270,45,-38,-92
13,13,270,45,-38,-94
13,13,0,44,-35,-94
13,13,0,42,-35,-94
5,7,180,43,-50,-101
5,7,180,43,-47,-101
5,7,180,43,-44,-101
13,13,180,44,-41,-100
13,13,180,42,-41,-100
13,13,270,44,-38,-101
13,13,270,44,-38,-103
13,13,0,43,-35,-103
13,13,0,41,-35,-103
5,7,180,35,-50,-91
5,7,180,35,-47,-91
5,7,180,35,-44,-91
13,13,180,36,-41,-90
13,13,180,34,-41,-90
13,13,270,36,-38,-91
13,13,270,36,-38,-93
13,13,0,35,-35,-93
13,13,0,33,-35,-93
5,7,180,38,-50,-85
5,7,180,38,-47,-85
5,7,180,38,-44,-85
13,13,180,39,-41,-84
13,13,180,37,-41,-84
13,13,270,39,-38,-85
13,13,270,39,-38,-87
13,13,0,38,-35,-87
13,13,0,36,-35,-87
5,7,180,47,-50,-80
5,7,180,47,-47,-80
5,7,180,47,-44,-80
13,13,180,48,-41,-79
13,13,180,46,-41,-79
13,13,270,48,-38,-80
13,13,270,48,-38,-82
13,13,0,47,-35,-82
13,13,0,45,-35,-82
5,7,180,52,-50,-85
5,7,180,52,-47,-85
5,7,180,52,-44,-85
13,13,180,53,-41,-84
13,13,180,51,-41,-84
13,13,270,53,-38,-85
13,13,270,53,-38,-87
13,13,0,52,-35,-87
13,13,0,50,-35,-87
5,7,180,52,-50,-100
5,7,180,52,-47,-100
5,7,180,52,-44,-100
13,13,180,53,-41,-99
13,13,180,51,-41,-99
13,13,270,53,-38,-100
13,13,270,53,-38,-102
13,13,0,52,-35,-102
13,13,0,50,-35,-102
5,7,180,55,-50,-107
5,7,180,55,-47,-107
5,7,180,55,-44,-107
13,13,180,56,-41,-106
13,13,180,54,-41,-106
13,13,270,56,-38,-107
13,13,270,56,-38,-109
13,13,0,55,-35,-109
13,13,0,53,-35,-109
5,7,180,35,-50,-101
5,7,180,35,-47,-101
5,7,180,35,-44,-101
13,13,180,36,-41,-100
13,13,180,34,-41,-100
13,13,270,36,-38,-101
13,13,270,36,-38,-103
13,13,0,35,-35,-103
13,13,0,33,-35,-103
5,7,180,29,-50,-94
5,7,180,29,-47,-94
5,7,180,29,-44,-94
13,13,180,30,-41,-93
13,13,180,28,-41,-93
13,13,270,30,-38,-94
13,13,270,30,-38,-96
13,13,0,29,-35,-96
13,13,0,27,-35,-96
5,7,180,33,-50,-110
5,7,180,33,-47,-110
5,7,180,33,-44,-110
13,13,180,34,-41,-109
13,13,180,32,-41,-109
13,13,270,34,-38,-110
13,13,270,34,-38,-112
13,13,0,33,-35,-112
13,13,0,31,-35,-112
5,7,180,42,-50,-113
5,7,180,42,-47,-113
5,7,180,42,-44,-113
13,13,180,43,-41,-112
13,13,180,41,-41,-112
13,13,270,43,-38,-113
13,13,270,43,-38,-115
13,13,0,42,-35,-115
13,13,0,40,-35,-115
5,7,180,49,-50,-111
5,7,180,49,-47,-111
5,7,180,49,-44,-111
13,13,180,50,-41,-110
13,13,180,48,-41,-110
13,13,270,50,-38,-111
13,13,270,50,-38,-113
13,13,0,49,-35,-113
13,13,0,47,-35,-113
5,7,180,57,-50,-97
5,7,180,57,-47,-97
5,7,180,57,-44,-97
13,13,180,58,-41,-96
13,13,180,56,-41,-96
13,13,270,58,-38,-97
13,13,270,58,-38,-99
13,13,0,57,-35,-99
13,13,0,55,-35,-99
5,7,180,59,-50,-84
5,7,180,59,-47,-84
5,7,180,59,-44,-84
13,13,180,60,-41,-83
13,13,180,58,-41,-83
13,13,270,60,-38,-84
13,13,270,60,-38,-86
13,13,0,59,-35,-86
13,13,0,57,-35,-86
5,7,180,62,-50,-108
5,7,180,62,-47,-108
5,7,180,62,-44,-108
13,13,180,63,-41,-107
13,13,180,61,-41,-107
13,13,270,63,-38,-108
13,13,270,63,-38,-110
13,13,0,62,-35,-110
13,13,0,60,-35,-110
5,7,180,60,-50,-115
5,7,180,60,-47,-115
5,7,180,60,-44,-115
13,13,180,61,-41,-114
13,13,180,59,-41,-114
13,13,270,61,-38,-115
13,13,270,61,-38,-117
13,13,0,60,-35,-117
13,13,0,58,-35,-117
5,7,180,54,-50,-74
5,7,180,54,-47,-74
5,7,180,54,-44,-74
13,13,180,55,-41,-73
13,13,180,53,-41,-73
13,13,270,55,-38,-74
13,13,270,55,-38,-76
13,13,0,54,-35,-76
13,13,0,52,-35,-76
5,7,180,42,-50,-72
5,7,180,42,-47,-72
5,7,180,42,-44,-72
13,13,180,43,-41,-71
13,13,180,41,-41,-71
13,13,270,43,-38,-72
13,13,270,43,-38,-74
13,13,0,42,-35,-74
13,13,0,40,-35,-74
5,7,270,14,-50,-97
5,7,270,14,-47,-97
5,7,270,14,-44,-97
13,13,270,15,-41,-98
13,13,270,15,-41,-96
13,13,0,14,-38,-98
13,13,0,12,-38,-98
13,13,90,12,-35,-97
13,13,90,12,-35,-95
5,7,270,8,-50,-91
5,7,270,8,-47,-91
5,7,270,8,-44,-91
13,13,270,9,-41,-92
13,13,270,9,-41,-90
13,13,0,8,-38,-92
13,13,0,6,-38,-92
13,13,90,6,-35,-91
13,13,90,6,-35,-89
13,13,0,0,-38,-105
5,7,270,1,-50,-95
5,7,270,1,-47,-95
5,7,270,1,-44,-95
13,13,0,1,-38,-96
5,7,270,7,-50,-98
5,7,270,7,-47,-98
5,7,270,7,-44,-98
13,13,270,8,-41,-99
13,13,270,8,-41,-97
13,13,0,7,-38,-99
13,13,0,5,-38,-99
13,13,90,5,-35,-98
13,13,90,5,-35,-96
5,7,270,12,-50,-107
5,7,270,12,-47,-107
5,7,270,12,-44,-107
13,13,270,13,-41,-108
13,13,270,13,-41,-106
13,13,0,12,-38,-108
13,13,0,10,-38,-108
13,13,90,10,-35,-107
13,13,90,10,-35,-105
5,7,270,7,-50,-112
5,7,270,7,-47,-112
5,7,270,7,-44,-112
13,13,270,8,-41,-113
13,13,270,8,-41,-111
13,13,0,7,-38,-113
13,13,0,5,-38,-113
13,13,90,5,-35,-112
13,13,90,5,-35,-110
5,7,270,8,-50,-119
5,7,270,8,-47,-119
5,7,270,8,-44,-119
13,13,270,9,-41,-120
13,13,270,9,-41,-118
13,13,0,8,-38,-120
13,13,0,6,-38,-120
13,13,90,6,-35,-119
13,13,90,6,-35,-117
5,7,270,18,-50,-114
5,7,270,18,-47,-114
5,7,270,18,-44,-114
13,13,270,19,-41,-115
13,13,270,19,-41,-113
13,13,0,18,-38,-115
13,13,0,16,-38,-115
13,13,90,16,-35,-114
13,13,90,16,-35,-112
5,7,270,20,-50,-102
5,7,270,20,-47,-102
5,7,270,20,-44,-102
13,13,270,21,-41,-103
13,13,270,21,-41,-101
13,13,0,20,-38,-103
13,13,0,18,-38,-103
13,13,90,18,-35,-102
13,13,90,18,-35,-100
13,13,180,-29,-41,64
13,13,180,-31,-41,64
13,13,270,-29,-38,63
13,13,0,-30,-35,61
13,13,0,-32,-35,61
13,13,180,-1,-41,64
13,13,180,-3,-41,64
13,13,270,-1,-38,63
13,13,0,-2,-35,61
13,13,0,-4,-35,61
13,13,90,-71,-41,64
13,13,180,-70,-38,66
13,13,180,-68,-38,66
13,13,270,-68,-35,63
13,13,90,-61,-41,64
13,13,180,-60,-38,64
13,13,180,-58,-38,64
13,13,270,-58,-35,63
5,7,180,-24,-50,69
5,7,180,-24,-47,69
5,7,180,-24,-44,69
13,13,180,-23,-41,70
13,13,180,-25,-41,70
13,13,270,-23,-38,69
13,13,270,-23,-38,67
13,13,0,-24,-35,67
13,13,0,-26,-35,67
5,7,180,-14,-50,67
5,7,180,-14,-47,67
5,7,180,-14,-44,67
13,13,180,-13,-41,68
13,13,180,-15,-41,68
13,13,270,-13,-38,67
13,13,270,-13,-38,65
13,13,0,-14,-35,65
13,13,0,-16,-35,65
5,7,180,-7,-50,73
5,7,180,-7,-47,73
5,7,180,-7,-44,73
13,13,180,-6,-41,74
13,13,180,-8,-41,74
13,13,270,-6,-38,73
13,13,270,-6,-38,71
13,13,0,-7,-35,71
13,13,0,-9,-35,71
5,7,180,-19,-50,75
5,7,180,-19,-47,75
5,7,180,-19,-44,75
13,13,180,-18,-41,76
13,13,180,-20,-41,76
13,13,270,-18,-38,75
13,13,270,-18,-38,73
13,13,0,-19,-35,73
13,13,0,-21,-35,73
5,7,90,-62,-50,78
5,7,90,-62,-47,78
5,7,90,-62,-44,78
13,13,90,-63,-41,79
13,13,90,-63,-41,77
13,13,180,-62,-38,79
13,13,180,-60,-38,79
13,13,270,-60,-35,78
13,13,270,-60,-35,76
5,7,90,-53,-50,77
5,7,90,-53,-47,77
5,7,90,-53,-44,77
13,13,90,-54,-41,78
13,13,90,-54,-41,76
13,13,180,-53,-38,78
13,13,180,-51,-38,78
13,13,270,-51,-35,77
13,13,270,-51,-35,75
5,7,90,-63,-50,69
5,7,90,-63,-47,69
5,7,90,-63,-44,69
13,13,90,-64,-41,70
13,13,90,-64,-41,68
13,13,180,-63,-38,70
13,13,180,-61,-38,70
13,13,270,-61,-35,69
13,13,270,-61,-35,67
5,7,90,-54,-50,86
5,7,90,-54,-47,86
5,7,90,-54,-44,86
13,13,90,-55,-41,87
13,13,90,-55,-41,85
13,13,180,-54,-38,87
13,13,180,-52,-38,87
13,13,270,-52,-35,86
13,13,270,-52,-35,84
5,7,90,-47,-50,89
5,7,90,-47,-47,89
5,7,90,-47,-44,89
13,13,90,-48,-41,90
13,13,90,-48,-41,88
13,13,180,-47,-38,90
13,13,180,-45,-38,90
13,13,270,-45,-35,89
13,13,270,-45,-35,87
5,7,90,-53,-50,69
5,7,90,-53,-47,69
5,7,90,-53,-44,69
13,13,90,-54,-41,70
13,13,90,-54,-41,68
13,13,180,-53,-38,70
13,13,180,-51,-38,70
13,13,270,-51,-35,69
13,13,270,-51,-35,67
5,7,90,-44,-50,67
5,7,90,-44,-47,67
5,7,90,-44,-44,67
13,13,90,-45,-41,68
13,13,90,-45,-41,66
13,13,180,-44,-38,68
13,13,180,-42,-38,68
13,13,270,-42,-35,67
13,13,270,-42,-35,65
5,7,90,-41,-50,76
5,7,90,-41,-47,76
5,7,90,-41,-44,76
13,13,90,-42,-41,77
13,13,90,-42,-41,75
13,13,180,-41,-38,77
13,13,180,-39,-38,77
13,13,270,-39,-35,76
13,13,270,-39,-35,74
5,7,90,-43,-50,83
5,7,90,-43,-47,83
5,7,90,-43,-44,83
13,13,90,-44,-41,84
13,13,90,-44,-41,82
13,13,180,-43,-38,84
13,13,180,-41,-38,84
13,13,270,-41,-35,83
13,13,270,-41,-35,81
5,7,90,-57,-50,91
5,7,90,-57,-47,91
5,7,90,-57,-44,91
13,13,90,-58,-41,92
13,13,90,-58,-41,90
13,13,180,-57,-38,92
13,13,180,-55,-38,92
13,13,270,-55,-35,91
13,13,270,-55,-35,89
5,7,90,-46,-50,96
5,7,90,-46,-47,96
5,7,90,-46,-44,96
13,13,90,-47,-41,97
13,13,90,-47,-41,95
13,13,180,-46,-38,97
13,13,180,-44,-38,97
13,13,270,-44,-35,96
13,13,270,-44,-35,94
5,7,90,-39,-50,94
5,7,90,-39,-47,94
5,7,90,-39,-44,94
13,13,90,-40,-41,95
13,13,90,-40,-41,93
13,13,180,-39,-38,95
13,13,180,-37,-38,95
13,13,270,-37,-35,94
13,13,270,-37,-35,92
5,7,180,-48,-50,1
5,7,180,-48,-47,1
5,7,180,-48,-44,1
13,13,270,-47,-38,1
5,7,180,-31,-50,5
5,7,180,-31,-47,5
5,7,180,-31,-44,5
13,13,180,-30,-41,6
13,13,180,-32,-41,6
13,13,270,-30,-38,5
13,13,270,-30,-38,3
13,13,0,-31,-35,3
13,13,0,-33,-35,3
5,7,180,-43,-50,7
5,7,180,-43,-47,7
5,7,180,-43,-44,7
13,13,180,-42,-41,8
13,13,180,-44,-41,8
13,13,270,-42,-38,7
13,13,270,-42,-38,5
13,13,0,-43,-35,5
13,13,0,-45,-35,5
5,7,180,-30,-50,63
5,7,180,-30,-47,63
5,7,180,-30,-44,63
13,13,270,-29,-38,61
5,7,180,-17,-50,55
5,7,180,-17,-47,55
5,7,180,-17,-44,55
13,13,180,-16,-41,56
13,13,180,-18,-41,56
13,13,270,-16,-38,55
13,13,270,-16,-38,53
13,13,0,-17,-35,53
13,13,0,-19,-35,53
5,7,180,-18,-50,46
5,7,180,-18,-47,46
5,7,180,-18,-44,46
13,13,180,-17,-41,47
13,13,180,-19,-41,47
13,13,270,-17,-38,46
13,13,270,-17,-38,44
13,13,0,-18,-35,44
13,13,0,-20,-35,44
5,7,180,-26,-50,56
5,7,180,-26,-47,56
5,7,180,-26,-44,56
13,13,180,-25,-41,57
13,13,180,-27,-41,57
13,13,270,-25,-38,56
13,13,270,-25,-38,54
13,13,0,-26,-35,54
13,13,0,-28,-35,54
5,7,180,-23,-50,62
5,7,180,-23,-47,62
5,7,180,-23,-44,62
13,13,180,-22,-41,63
13,13,180,-24,-41,63
13,13,270,-22,-38,62
13,13,270,-22,-38,60
13,13,0,-23,-35,60
13,13,0,-25,-35,60
5,7,180,-9,-50,62
5,7,180,-9,-47,62
5,7,180,-9,-44,62
13,13,180,-8,-41,63
13,13,180,-10,-41,63
13,13,270,-8,-38,62
13,13,270,-8,-38,60
13,13,0,-9,-35,60
13,13,0,-11,-35,60
5,7,180,-9,-50,47
5,7,180,-9,-47,47
5,7,180,-9,-44,47
13,13,180,-8,-41,48
13,13,180,-10,-41,48
13,13,270,-8,-38,47
13,13,270,-8,-38,45
13,13,0,-9,-35,45
13,13,0,-11,-35,45
5,7,180,-6,-50,40
5,7,180,-6,-47,40
5,7,180,-6,-44,40
13,13,180,-5,-41,41
13,13,180,-7,-41,41
13,13,270,-5,-38,40
13,13,270,-5,-38,38
13,13,0,-6,-35,38
13,13,0,-8,-35,38
5,7,180,-26,-50,46
5,7,180,-26,-47,46
5,7,180,-26,-44,46
13,13,180,-25,-41,47
13,13,180,-27,-41,47
13,13,270,-25,-38,46
13,13,270,-25,-38,44
13,13,0,-26,-35,44
13,13,0,-28,-35,44
5,7,180,-32,-50,53
5,7,180,-32,-47,53
5,7,180,-32,-44,53
13,13,180,-31,-41,54
13,13,180,-33,-41,54
13,13,270,-31,-38,53
13,13,270,-31,-38,51
13,13,0,-32,-35,51
13,13,0,-34,-35,51
5,7,180,-28,-50,37
5,7,180,-28,-47,37
5,7,180,-28,-44,37
13,13,180,-27,-41,38
13,13,180,-29,-41,38
13,13,270,-27,-38,37
13,13,270,-27,-38,35
13,13,0,-28,-35,35
13,13,0,-30,-35,35
5,7,180,-19,-50,34
5,7,180,-19,-47,34
5,7,180,-19,-44,34
13,13,180,-18,-41,35
13,13,180,-20,-41,35
13,13,270,-18,-38,34
13,13,270,-18,-38,32
13,13,0,-19,-35,32
13,13,0,-21,-35,32
5,7,180,-12,-50,36
5,7,180,-12,-47,36
5,7,180,-12,-44,36
13,13,180,-11,-41,37
13,13,180,-13,-41,37
13,13,270,-11,-38,36
13,13,270,-11,-38,34
13,13,0,-12,-35,34
13,13,0,-14,-35,34
5,7,180,-4,-50,50
5,7,180,-4,-47,50
5,7,180,-4,-44,50
13,13,180,-3,-41,51
13,13,180,-5,-41,51
13,13,270,-3,-38,50
13,13,270,-3,-38,48
13,13,0,-4,-35,48
13,13,0,-6,-35,48
5,7,180,-2,-50,63
5,7,180,-2,-47,63
5,7,180,-2,-44,63
13,13,270,-1,-38,61
5,7,180,-1,-50,32
5,7,180,-1,-47,32
5,7,180,-1,-44,32
13,13,180,-2,-41,33
13,13,0,-3,-35,30
5,7,90,-27,-50,5
5,7,90,-27,-47,5
5,7,90,-27,-44,5
13,13,90,-28,-41,6
13,13,90,-28,-41,4
13,13,180,-27,-38,6
13,13,180,-25,-38,6
13,13,270,-25,-35,5
13,13,270,-25,-35,3
5,7,90,-13,-50,12
5,7,90,-13,-47,12
5,7,90,-13,-44,12
13,13,90,-14,-41,13
13,13,90,-14,-41,11
13,13,180,-13,-38,13
13,13,180,-11,-38,13
13,13,270,-11,-35,12
13,13,270,-11,-35,10
5,7,90,-4,-50,11
5,7,90,-4,-47,11
5,7,90,-4,-44,11
13,13,90,-5,-41,12
13,13,90,-5,-41,10
13,13,180,-4,-38,12
13,13,180,-2,-38,12
13,13,270,-2,-35,11
13,13,270,-2,-35,9
5,7,90,-14,-50,3
5,7,90,-14,-47,3
5,7,90,-14,-44,3
13,13,90,-15,-41,4
13,13,90,-15,-41,2
13,13,180,-14,-38,4
13,13,180,-12,-38,4
13,13,270,-12,-35,3
13,13,270,-12,-35,1
5,7,90,-20,-50,6
5,7,90,-20,-47,6
5,7,90,-20,-44,6
13,13,90,-21,-41,7
13,13,90,-21,-41,5
13,13,180,-20,-38,7
13,13,180,-18,-38,7
13,13,270,-18,-35,6
13,13,270,-18,-35,4
5,7,90,-25,-50,15
5,7,90,-25,-47,15
5,7,90,-25,-44,15
13,13,90,-26,-41,16
13,13,90,-26,-41,14
13,13,180,-25,-38,16
13,13,180,-23,-38,16
13,13,270,-23,-35,15
13,13,270,-23,-35,13
5,7,90,-20,-50,20
5,7,90,-20,-47,20
5,7,90,-20,-44,20
13,13,90,-21,-41,21
13,13,90,-21,-41,19
13,13,180,-20,-38,21
13,13,180,-18,-38,21
13,13,270,-18,-35,20
13,13,270,-18,-35,18
5,7,90,-5,-50,20
5,7,90,-5,-47,20
5,7,90,-5,-44,20
13,13,90,-6,-41,21
13,13,90,-6,-41,19
13,13,180,-5,-38,21
13,13,180,-3,-38,21
13,13,270,-3,-35,20
13,13,270,-3,-35,18
5,7,90,-4,-50,3
5,7,90,-4,-47,3
5,7,90,-4,-44,3
13,13,90,-5,-41,4
13,13,90,-5,-41,2
13,13,180,-4,-38,4
13,13,180,-2,-38,4
13,13,270,-2,-35,3
13,13,270,-2,-35,1
5,7,90,-8,-50,25
5,7,90,-8,-47,25
5,7,90,-8,-44,25
13,13,90,-9,-41,26
13,13,90,-9,-41,24
13,13,180,-8,-38,26
13,13,180,-6,-38,26
13,13,270,-6,-35,25
13,13,270,-6,-35,23
5,7,90,-21,-50,27
5,7,90,-21,-47,27
5,7,90,-21,-44,27
13,13,90,-22,-41,28
13,13,90,-22,-41,26
13,13,180,-21,-38,28
13,13,180,-19,-38,28
13,13,270,-19,-35,27
13,13,270,-19,-35,25
5,7,90,-31,-50,22
5,7,90,-31,-47,22
5,7,90,-31,-44,22
13,13,90,-32,-41,23
13,13,90,-32,-41,21
13,13,180,-31,-38,23
13,13,180,-29,-38,23
13,13,270,-29,-35,22
13,13,270,-29,-35,20
5,7,90,-33,-50,10
5,7,90,-33,-47,10
5,7,90,-33,-44,10
13,13,90,-34,-41,11
13,13,90,-34,-41,9
13,13,180,-33,-38,11
13,13,180,-31,-38,11
13,13,270,-31,-35,10
13,13,270,-31,-35,8
5,7,90,-62,-50,30
5,7,90,-62,-47,30
5,7,90,-62,-44,30
13,13,90,-63,-41,31
13,13,90,-63,-41,29
13,13,180,-62,-38,31
13,13,180,-60,-38,31
13,13,270,-60,-35,30
13,13,270,-60,-35,28
5,7,90,-53,-50,29
5,7,90,-53,-47,29
5,7,90,-53,-44,29
13,13,90,-54,-41,30
13,13,90,-54,-41,28
13,13,180,-53,-38,30
13,13,180,-51,-38,30
13,13,270,-51,-35,29
13,13,270,-51,-35,27
5,7,90,-63,-50,21
5,7,90,-63,-47,21
5,7,90,-63,-44,21
13,13,90,-64,-41,22
13,13,90,-64,-41,20
13,13,180,-63,-38,22
13,13,180,-61,-38,22
13,13,270,-61,-35,21
13,13,270,-61,-35,19
5,7,90,-54,-50,38
5,7,90,-54,-47,38
5,7,90,-54,-44,38
13,13,90,-55,-41,39
13,13,90,-55,-41,37
13,13,180,-54,-38,39
13,13,180,-52,-38,39
13,13,270,-52,-35,38
13,13,270,-52,-35,36
5,7,90,-47,-50,41
5,7,90,-47,-47,41
5,7,90,-47,-44,41
13,13,90,-48,-41,42
13,13,90,-48,-41,40
13,13,180,-47,-38,42
13,13,180,-45,-38,42
13,13,270,-45,-35,41
13,13,270,-45,-35,39
5,7,90,-53,-50,21
5,7,90,-53,-47,21
5,7,90,-53,-44,21
13,13,90,-54,-41,22
13,13,90,-54,-41,20
13,13,180,-53,-38,22
13,13,180,-51,-38,22
13,13,270,-51,-35,21
13,13,270,-51,-35,19
5,7,90,-60,-50,15
5,7,90,-60,-47,15
5,7,90,-60,-44,15
13,13,90,-61,-41,16
13,13,90,-61,-41,14
13,13,180,-60,-38,16
13,13,180,-58,-38,16
13,13,270,-58,-35,15
13,13,270,-58,-35,13
5,7,90,-44,-50,19
5,7,90,-44,-47,19
5,7,90,-44,-44,19
13,13,90,-45,-41,20
13,13,90,-45,-41,18
13,13,180,-44,-38,20
13,13,180,-42,-38,20
13,13,270,-42,-35,19
13,13,270,-42,-35,17
5,7,90,-41,-50,28
5,7,90,-41,-47,28
5,7,90,-41,-44,28
13,13,90,-42,-41,29
13,13,90,-42,-41,27
13,13,180,-41,-38,29
13,13,180,-39,-38,29
13,13,270,-39,-35,28
13,13,270,-39,-35,26
5,7,90,-43,-50,35
5,7,90,-43,-47,35
5,7,90,-43,-44,35
13,13,90,-44,-41,36
13,13,90,-44,-41,34
13,13,180,-43,-38,36
13,13,180,-41,-38,36
13,13,270,-41,-35,35
13,13,270,-41,-35,33
5,7,90,-57,-50,43
5,7,90,-57,-47,43
5,7,90,-57,-44,43
13,13,90,-58,-41,44
13,13,90,-58,-41,42
13,13,180,-57,-38,44
13,13,180,-55,-38,44
13,13,270,-55,-35,43
13,13,270,-55,-35,41
5,7,90,-46,-50,48
5,7,90,-46,-47,48
5,7,90,-46,-44,48
13,13,90,-47,-41,49
13,13,90,-47,-41,47
13,13,180,-46,-38,49
13,13,180,-44,-38,49
13,13,270,-44,-35,48
13,13,270,-44,-35,46
5,7,90,-39,-50,46
5,7,90,-39,-47,46
5,7,90,-39,-44,46
13,13,90,-40,-41,47
13,13,90,-40,-41,45
13,13,180,-39,-38,47
13,13,180,-37,-38,47
13,13,270,-37,-35,46
13,13,270,-37,-35,44
5,7,90,-60,-50,63
5,7,90,-60,-47,63
5,7,90,-60,-44,63
13,13,90,-61,-41,62
13,13,270,-58,-35,61
5,7,90,-76,-50,71
5,7,90,-76,-47,71
5,7,90,-76,-44,71
13,13,90,-77,-41,72
13,13,90,-77,-41,70
13,13,180,-76,-38,72
13,13,180,-74,-38,72
13,13,270,-74,-35,71
13,13,270,-74,-35,69
5,7,90,-70,-50,65
5,7,90,-70,-47,65
5,7,90,-70,-44,65
13,13,90,-71,-41,66
13,13,270,-68,-35,65
5,7,90,-69,-50,72
5,7,90,-69,-47,72
5,7,90,-69,-44,72
13,13,90,-70,-41,73
13,13,90,-70,-41,71
13,13,180,-69,-38,73
13,13,180,-67,-38,73
13,13,270,-67,-35,72
13,13,270,-67,-35,70
5,7,90,-74,-50,81
5,7,90,-74,-47,81
5,7,90,-74,-44,81
13,13,90,-75,-41,82
13,13,90,-75,-41,80
13,13,180,-74,-38,82
13,13,180,-72,-38,82
13,13,270,-72,-35,81
13,13,270,-72,-35,79
5,7,90,-69,-50,86
5,7,90,-69,-47,86
5,7,90,-69,-44,86
13,13,90,-70,-41,87
13,13,90,-70,-41,85
13,13,180,-69,-38,87
13,13,180,-67,-38,87
13,13,270,-67,-35,86
13,13,270,-67,-35,84
5,7,90,-70,-50,93
5,7,90,-70,-47,93
5,7,90,-70,-44,93
13,13,90,-71,-41,94
13,13,90,-71,-41,92
13,13,180,-70,-38,94
13,13,180,-68,-38,94
13,13,270,-68,-35,93
13,13,270,-68,-35,91
5,7,90,-80,-50,88
5,7,90,-80,-47,88
5,7,90,-80,-44,88
13,13,90,-81,-41,89
13,13,90,-81,-41,87
13,13,180,-80,-38,89
13,13,180,-78,-38,89
13,13,270,-78,-35,88
13,13,270,-78,-35,86
5,7,90,-82,-50,76
5,7,90,-82,-47,76
5,7,90,-82,-44,76
13,13,90,-83,-41,77
13,13,90,-83,-41,75
13,13,180,-82,-38,77
13,13,180,-80,-38,77
13,13,270,-80,-35,76
13,13,270,-80,-35,74
5,7,90,-76,-50,23
5,7,90,-76,-47,23
5,7,90,-76,-44,23
13,13,90,-77,-41,24
13,13,90,-77,-41,22
13,13,180,-76,-38,24
13,13,180,-74,-38,24
13,13,270,-74,-35,23
13,13,270,-74,-35,21
5,7,90,-70,-50,17
5,7,90,-70,-47,17
5,7,90,-70,-44,17
13,13,90,-71,-41,18
13,13,90,-71,-41,16
13,13,180,-70,-38,18
13,13,180,-68,-38,18
13,13,270,-68,-35,17
13,13,270,-68,-35,15
5,7,90,-69,-50,24
5,7,90,-69,-47,24
5,7,90,-69,-44,24
13,13,90,-70,-41,25
13,13,90,-70,-41,23
13,13,180,-69,-38,25
13,13,180,-67,-38,25
13,13,270,-67,-35,24
13,13,270,-67,-35,22
5,7,90,-74,-50,33
5,7,90,-74,-47,33
5,7,90,-74,-44,33
13,13,90,-75,-41,34
13,13,90,-75,-41,32
13,13,180,-74,-38,34
13,13,180,-72,-38,34
13,13,270,-72,-35,33
13,13,270,-72,-35,31
5,7,90,-69,-50,38
5,7,90,-69,-47,38
5,7,90,-69,-44,38
13,13,90,-70,-41,39
13,13,90,-70,-41,37
13,13,180,-69,-38,39
13,13,180,-67,-38,39
13,13,270,-67,-35,38
13,13,270,-67,-35,36
5,7,90,-70,-50,45
5,7,90,-70,-47,45
5,7,90,-70,-44,45
13,13,90,-71,-41,46
13,13,90,-71,-41,44
13,13,180,-70,-38,46
13,13,180,-68,-38,46
13,13,270,-68,-35,45
13,13,270,-68,-35,43
5,7,90,-80,-50,40
5,7,90,-80,-47,40
5,7,90,-80,-44,40
13,13,90,-81,-41,41
13,13,90,-81,-41,39
13,13,180,-80,-38,41
13,13,180,-78,-38,41
13,13,270,-78,-35,40
13,13,270,-78,-35,38
5,7,90,-82,-50,28
5,7,90,-82,-47,28
5,7,90,-82,-44,28
13,13,90,-83,-41,29
13,13,90,-83,-41,27
13,13,180,-82,-38,29
13,13,180,-80,-38,29
13,13,270,-80,-35,28
13,13,270,-80,-35,26
13,13,270,-69,-38,0
5,7,180,-82,-50,2
5,7,180,-82,-47,2
5,7,180,-82,-44,2
13,13,180,-81,-41,3
13,13,180,-83,-41,3
13,13,270,-81,-38,2
13,13,270,-81,-38,0
13,13,0,-82,-35,0
13,13,0,-84,-35,0
5,7,90,-12,-50,-64
5,7,90,-12,-47,-64
5,7,90,-12,-44,-64
13,13,180,-12,-38,-63
13,13,180,-10,-38,-63
13,13,180,-64,-41,-9
13,13,270,-64,-38,-10
13,13,270,-64,-38,-12
13,13,0,-65,-35,-12
5,7,180,-64,-50,-41
5,7,180,-64,-47,-41
5,7,180,-64,-44,-41
13,13,270,-63,-38,-41
13,13,270,-63,-38,-43
13,13,180,-57,-41,-62
13,13,180,-59,-41,-62
13,13,270,-57,-38,-65
13,13,0,-58,-35,-65
13,13,0,-60,-35,-65
5,7,0,-6,-50,-14
5,7,0,-6,-47,-14
5,7,0,-6,-44,-14
13,13,0,-5,-41,-15
13,13,0,-7,-41,-15
13,13,90,-7,-38,-12
13,13,90,-7,-38,-14
13,13,180,-4,-35,-12
13,13,180,-6,-35,-12
5,7,180,-54,-50,-5
5,7,180,-54,-47,-5
5,7,180,-54,-44,-5
13,13,180,-53,-41,-4
13,13,180,-55,-41,-4
13,13,270,-53,-38,-5
13,13,270,-53,-38,-7
13,13,0,-54,-35,-7
13,13,0,-56,-35,-7
5,7,180,-41,-50,-13
5,7,180,-41,-47,-13
5,7,180,-41,-44,-13
13,13,180,-40,-41,-12
13,13,180,-42,-41,-12
13,13,270,-40,-38,-13
13,13,270,-40,-38,-15
13,13,0,-41,-35,-15
13,13,0,-43,-35,-15
5,7,180,-42,-50,-22
5,7,180,-42,-47,-22
5,7,180,-42,-44,-22
13,13,180,-41,-41,-21
13,13,180,-43,-41,-21
13,13,270,-41,-38,-22
13,13,270,-41,-38,-24
13,13,0,-42,-35,-24
13,13,0,-44,-35,-24
5,7,180,-50,-50,-12
5,7,180,-50,-47,-12
5,7,180,-50,-44,-12
13,13,180,-49,-41,-11
13,13,180,-51,-41,-11
13,13,270,-49,-38,-12
13,13,270,-49,-38,-14
13,13,0,-50,-35,-14
13,13,0,-52,-35,-14
5,7,180,-47,-50,-6
5,7,180,-47,-47,-6
5,7,180,-47,-44,-6
13,13,180,-46,-41,-5
13,13,180,-48,-41,-5
13,13,270,-46,-38,-6
13,13,270,-46,-38,-8
13,13,0,-47,-35,-8
13,13,0,-49,-35,-8
5,7,180,-38,-50,-1
5,7,180,-38,-47,-1
5,7,180,-38,-44,-1
13,13,270,-37,-38,-3
5,7,180,-33,-50,-6
5,7,180,-33,-47,-6
5,7,180,-33,-44,-6
13,13,180,-32,-41,-5
13,13,180,-34,-41,-5
13,13,270,-32,-38,-6
13,13,270,-32,-38,-8
13,13,0,-33,-35,-8
13,13,0,-35,-35,-8
5,7,180,-33,-50,-21
5,7,180,-33,-47,-21
5,7,180,-33,-44,-21
13,13,180,-32,-41,-20
13,13,180,-34,-41,-20
13,13,270,-32,-38,-21
13,13,270,-32,-38,-23
13,13,0,-33,-35,-23
13,13,0,-35,-35,-23
5,7,180,-30,-50,-28
5,7,180,-30,-47,-28
5,7,180,-30,-44,-28
13,13,180,-29,-41,-27
13,13,180,-31,-41,-27
13,13,270,-29,-38,-28
13,13,270,-29,-38,-30
13,13,0,-30,-35,-30
13,13,0,-32,-35,-30
5,7,180,-50,-50,-22
5,7,180,-50,-47,-22
5,7,180,-50,-44,-22
13,13,180,-49,-41,-21
13,13,180,-51,-41,-21
13,13,270,-49,-38,-22
13,13,270,-49,-38,-24
13,13,0,-50,-35,-24
13,13,0,-52,-35,-24
5,7,180,-56,-50,-15
5,7,180,-56,-47,-15
5,7,180,-56,-44,-15
13,13,180,-55,-41,-14
13,13,180,-57,-41,-14
13,13,270,-55,-38,-15
13,13,270,-55,-38,-17
13,13,0,-56,-35,-17
13,13,0,-58,-35,-17
5,7,180,-52,-50,-31
5,7,180,-52,-47,-31
5,7,180,-52,-44,-31
13,13,180,-51,-41,-30
13,13,180,-53,-41,-30
13,13,270,-51,-38,-31
13,13,270,-51,-38,-33
13,13,0,-52,-35,-33
13,13,0,-54,-35,-33
5,7,180,-43,-50,-34
5,7,180,-43,-47,-34
5,7,180,-43,-44,-34
13,13,180,-42,-41,-33
13,13,180,-44,-41,-33
13,13,270,-42,-38,-34
13,13,270,-42,-38,-36
13,13,0,-43,-35,-36
13,13,0,-45,-35,-36
5,7,180,-36,-50,-32
5,7,180,-36,-47,-32
5,7,180,-36,-44,-32
13,13,180,-35,-41,-31
13,13,180,-37,-41,-31
13,13,270,-35,-38,-32
13,13,270,-35,-38,-34
13,13,0,-36,-35,-34
13,13,0,-38,-35,-34
5,7,180,-28,-50,-18
5,7,180,-28,-47,-18
5,7,180,-28,-44,-18
13,13,180,-27,-41,-17
13,13,180,-29,-41,-17
13,13,270,-27,-38,-18
13,13,270,-27,-38,-20
13,13,0,-28,-35,-20
13,13,0,-30,-35,-20
5,7,180,-26,-50,-5
5,7,180,-26,-47,-5
5,7,180,-26,-44,-5
13,13,180,-25,-41,-4
13,13,180,-27,-41,-4
13,13,270,-25,-38,-5
13,13,270,-25,-38,-7
13,13,0,-26,-35,-7
13,13,0,-28,-35,-7
5,7,180,-23,-50,-29
5,7,180,-23,-47,-29
5,7,180,-23,-44,-29
13,13,180,-22,-41,-28
13,13,180,-24,-41,-28
13,13,270,-22,-38,-29
13,13,270,-22,-38,-31
13,13,0,-23,-35,-31
13,13,0,-25,-35,-31
5,7,180,-25,-50,-36
5,7,180,-25,-47,-36
5,7,180,-25,-44,-36
13,13,180,-24,-41,-35
13,13,180,-26,-41,-35
13,13,270,-24,-38,-36
13,13,270,-24,-38,-38
13,13,0,-25,-35,-38
13,13,0,-27,-35,-38
13,13,90,-13,-41,-63
13,13,270,-10,-35,-64
5,7,90,-7,-50,-59
5,7,90,-7,-47,-59
5,7,90,-7,-44,-59
13,13,90,-8,-41,-58
13,13,90,-8,-41,-60
13,13,180,-7,-38,-58
13,13,180,-5,-38,-58
13,13,270,-5,-35,-59
13,13,270,-5,-35,-61
5,7,90,-8,-50,-52
5,7,90,-8,-47,-52
5,7,90,-8,-44,-52
13,13,90,-9,-41,-51
13,13,90,-9,-41,-53
13,13,180,-8,-38,-51
13,13,180,-6,-38,-51
13,13,270,-6,-35,-52
13,13,270,-6,-35,-54
5,7,90,-18,-50,-57
5,7,90,-18,-47,-57
5,7,90,-18,-44,-57
13,13,90,-19,-41,-56
13,13,90,-19,-41,-58
13,13,180,-18,-38,-56
13,13,180,-16,-38,-56
13,13,270,-16,-35,-57
13,13,270,-16,-35,-59
5,7,90,-21,-50,-1
5,7,90,-21,-47,-1
5,7,90,-21,-44,-1
13,13,90,-22,-41,-2
13,13,270,-19,-35,-3
5,7,90,-11,-50,-3
5,7,90,-11,-47,-3
5,7,90,-11,-44,-3
13,13,90,-12,-41,-2
13,13,90,-12,-41,-4
13,13,180,-11,-38,-2
13,13,180,-9,-38,-2
13,13,270,-9,-35,-3
13,13,270,-9,-35,-5
5,7,180,-62,-50,-34
5,7,180,-62,-47,-34
5,7,180,-62,-44,-34
13,13,180,-61,-41,-33
13,13,180,-63,-41,-33
13,13,270,-61,-38,-34
13,13,270,-61,-38,-36
13,13,0,-62,-35,-36
13,13,0,-64,-35,-36
13,13,180,-63,-41,-40
13,13,0,-64,-35,-43
5,7,180,-50,-50,-47
5,7,180,-50,-47,-47
5,7,180,-50,-44,-47
13,13,180,-49,-41,-46
13,13,180,-51,-41,-46
13,13,270,-49,-38,-47
13,13,270,-49,-38,-49
13,13,0,-50,-35,-49
13,13,0,-52,-35,-49
5,7,180,-56,-50,-53
5,7,180,-56,-47,-53
5,7,180,-56,-44,-53
13,13,180,-55,-41,-52
13,13,180,-57,-41,-52
13,13,270,-55,-38,-53
13,13,270,-55,-38,-55
13,13,0,-56,-35,-55
13,13,0,-58,-35,-55
5,7,180,-43,-50,-61
5,7,180,-43,-47,-61
5,7,180,-43,-44,-61
13,13,180,-42,-41,-60
13,13,180,-44,-41,-60
13,13,270,-42,-38,-61
13,13,270,-42,-38,-63
13,13,0,-43,-35,-63
13,13,0,-45,-35,-63
5,7,180,-52,-50,-60
5,7,180,-52,-47,-60
5,7,180,-52,-44,-60
13,13,180,-51,-41,-59
13,13,180,-53,-41,-59
13,13,270,-51,-38,-60
13,13,270,-51,-38,-62
13,13,0,-52,-35,-62
13,13,0,-54,-35,-62
5,7,180,-49,-50,-54
5,7,180,-49,-47,-54
5,7,180,-49,-44,-54
13,13,180,-48,-41,-53
13,13,180,-50,-41,-53
13,13,270,-48,-38,-54
13,13,270,-48,-38,-56
13,13,0,-49,-35,-56
13,13,0,-51,-35,-56
5,7,180,-40,-50,-49
5,7,180,-40,-47,-49
5,7,180,-40,-44,-49
13,13,180,-39,-41,-48
13,13,180,-41,-41,-48
13,13,270,-39,-38,-49
13,13,270,-39,-38,-51
13,13,0,-40,-35,-51
13,13,0,-42,-35,-51
5,7,180,-35,-50,-54
5,7,180,-35,-47,-54
5,7,180,-35,-44,-54
13,13,180,-34,-41,-53
13,13,180,-36,-41,-53
13,13,270,-34,-38,-54
13,13,270,-34,-38,-56
13,13,0,-35,-35,-56
13,13,0,-37,-35,-56
5,7,180,-58,-50,-63
5,7,180,-58,-47,-63
5,7,180,-58,-44,-63
13,13,270,-57,-38,-63
5,7,180,-28,-50,-53
5,7,180,-28,-47,-53
5,7,180,-28,-44,-53
13,13,180,-27,-41,-52
13,13,180,-29,-41,-52
13,13,270,-27,-38,-53
13,13,270,-27,-38,-55
13,13,0,-28,-35,-55
13,13,0,-30,-35,-55
5,7,180,-33,-50,-43
5,7,180,-33,-47,-43
5,7,180,-33,-44,-43
13,13,180,-32,-41,-42
13,13,180,-34,-41,-42
13,13,270,-32,-38,-43
13,13,270,-32,-38,-45
13,13,0,-33,-35,-45
13,13,0,-35,-35,-45
5,7,180,-45,-50,-41
5,7,180,-45,-47,-41
5,7,180,-45,-44,-41
13,13,180,-44,-41,-40
13,13,180,-46,-41,-40
13,13,270,-44,-38,-41
13,13,270,-44,-38,-43
13,13,0,-45,-35,-43
13,13,0,-47,-35,-43
5,7,90,-14,-50,-74
5,7,90,-14,-47,-74
5,7,90,-14,-44,-74
13,13,90,-15,-41,-73
13,13,90,-15,-41,-75
13,13,180,-14,-38,-73
13,13,180,-12,-38,-73
13,13,270,-12,-35,-74
13,13,270,-12,-35,-76
5,7,90,-8,-50,-80
5,7,90,-8,-47,-80
5,7,90,-8,-44,-80
13,13,90,-9,-41,-79
13,13,90,-9,-41,-81
13,13,180,-8,-38,-79
13,13,180,-6,-38,-79
13,13,270,-6,-35,-80
13,13,270,-6,-35,-82
13,13,180,-1,-38,-75
5,7,90,-7,-50,-73
5,7,90,-7,-47,-73
5,7,90,-7,-44,-73
13,13,90,-8,-41,-72
13,13,90,-8,-41,-74
13,13,180,-7,-38,-72
13,13,180,-5,-38,-72
13,13,270,-5,-35,-73
13,13,270,-5,-35,-75
13,13,90,-13,-41,-65
13,13,270,-10,-35,-66
5,7,90,-20,-50,-69
5,7,90,-20,-47,-69
5,7,90,-20,-44,-69
13,13,90,-21,-41,-68
13,13,90,-21,-41,-70
13,13,180,-20,-38,-68
13,13,180,-18,-38,-68
13,13,270,-18,-35,-69
13,13,270,-18,-35,-71
5,7,180,-44,-50,-70
5,7,180,-44,-47,-70
5,7,180,-44,-44,-70
13,13,180,-43,-41,-69
13,13,180,-45,-41,-69
13,13,270,-43,-38,-70
13,13,270,-43,-38,-72
13,13,0,-44,-35,-72
13,13,0,-46,-35,-72
5,7,180,-35,-50,-69
5,7,180,-35,-47,-69
5,7,180,-35,-44,-69
13,13,180,-34,-41,-68
13,13,180,-36,-41,-68
13,13,270,-34,-38,-69
13,13,270,-34,-38,-71
13,13,0,-35,-35,-71
13,13,0,-37,-35,-71
5,7,180,-32,-50,-76
5,7,180,-32,-47,-76
5,7,180,-32,-44,-76
13,13,180,-31,-41,-75
13,13,180,-33,-41,-75
13,13,270,-31,-38,-76
13,13,270,-31,-38,-78
13,13,0,-32,-35,-78
13,13,0,-34,-35,-78
5,7,180,-52,-50,-70
5,7,180,-52,-47,-70
5,7,180,-52,-44,-70
13,13,180,-51,-41,-69
13,13,180,-53,-41,-69
13,13,270,-51,-38,-70
13,13,270,-51,-38,-72
13,13,0,-52,-35,-72
13,13,0,-54,-35,-72
5,7,180,-54,-50,-79
5,7,180,-54,-47,-79
5,7,180,-54,-44,-79
13,13,180,-53,-41,-78
13,13,180,-55,-41,-78
13,13,270,-53,-38,-79
13,13,270,-53,-38,-81
13,13,0,-54,-35,-81
13,13,0,-56,-35,-81
5,7,180,-45,-50,-82
5,7,180,-45,-47,-82
5,7,180,-45,-44,-82
13,13,180,-44,-41,-81
13,13,180,-46,-41,-81
13,13,270,-44,-38,-82
13,13,270,-44,-38,-84
13,13,0,-45,-35,-84
13,13,0,-47,-35,-84
5,7,180,-38,-50,-80
5,7,180,-38,-47,-80
5,7,180,-38,-44,-80
13,13,180,-37,-41,-79
13,13,180,-39,-41,-79
13,13,270,-37,-38,-80
13,13,270,-37,-38,-82
13,13,0,-38,-35,-82
13,13,0,-40,-35,-82
5,7,180,-30,-50,-66
5,7,180,-30,-47,-66
5,7,180,-30,-44,-66
13,13,180,-29,-41,-65
13,13,180,-31,-41,-65
13,13,270,-29,-38,-66
13,13,270,-29,-38,-68
13,13,0,-30,-35,-68
13,13,0,-32,-35,-68
5,7,180,-25,-50,-77
5,7,180,-25,-47,-77
5,7,180,-25,-44,-77
13,13,180,-24,-41,-76
13,13,180,-26,-41,-76
13,13,270,-24,-38,-77
13,13,270,-24,-38,-79
13,13,0,-25,-35,-79
13,13,0,-27,-35,-79
5,7,180,-27,-50,-84
5,7,180,-27,-47,-84
5,7,180,-27,-44,-84
13,13,180,-26,-41,-83
13,13,180,-28,-41,-83
13,13,270,-26,-38,-84
13,13,270,-26,-38,-86
13,13,0,-27,-35,-86
13,13,0,-29,-35,-86
13,13,0,-2,-38,-105
5,7,270,-9,-50,-103
5,7,270,-9,-47,-103
5,7,270,-9,-44,-103
13,13,270,-8,-41,-104
13,13,270,-8,-41,-102
13,13,0,-9,-38,-104
13,13,0,-11,-38,-104
13,13,90,-11,-35,-103
13,13,90,-11,-35,-101
5,7,270,-8,-50,-112
5,7,270,-8,-47,-112
5,7,270,-8,-44,-112
13,13,270,-7,-41,-113
13,13,270,-7,-41,-111
13,13,0,-8,-38,-113
13,13,0,-10,-38,-113
13,13,90,-10,-35,-112
13,13,90,-10,-35,-110
5,7,270,-15,-50,-115
5,7,270,-15,-47,-115
5,7,270,-15,-44,-115
13,13,270,-14,-41,-116
13,13,270,-14,-41,-114
13,13,0,-15,-38,-116
13,13,0,-17,-38,-116
13,13,90,-17,-35,-115
13,13,90,-17,-35,-113
5,7,270,-9,-50,-95
5,7,270,-9,-47,-95
5,7,270,-9,-44,-95
13,13,270,-8,-41,-96
13,13,270,-8,-41,-94
13,13,0,-9,-38,-96
13,13,0,-11,-38,-96
13,13,90,-11,-35,-95
13,13,90,-11,-35,-93
5,7,270,-2,-50,-89
5,7,270,-2,-47,-89
5,7,270,-2,-44,-89
13,13,270,-1,-41,-90
13,13,270,-1,-41,-88
13,13,0,-2,-38,-90
13,13,0,-4,-38,-90
13,13,90,-4,-35,-89
13,13,90,-4,-35,-87
5,7,270,-18,-50,-93
5,7,270,-18,-47,-93
5,7,270,-18,-44,-93
13,13,270,-17,-41,-94
13,13,270,-17,-41,-92
13,13,0,-18,-38,-94
13,13,0,-20,-38,-94
13,13,90,-20,-35,-93
13,13,90,-20,-35,-91
5,7,270,-21,-50,-102
5,7,270,-21,-47,-102
5,7,270,-21,-44,-102
13,13,270,-20,-41,-103
13,13,270,-20,-41,-101
13,13,0,-21,-38,-103
13,13,0,-23,-38,-103
13,13,90,-23,-35,-102
13,13,90,-23,-35,-100
5,7,270,-19,-50,-109
5,7,270,-19,-47,-109
5,7,270,-19,-44,-109
13,13,270,-18,-41,-110
13,13,270,-18,-41,-108
13,13,0,-19,-38,-110
13,13,0,-21,-38,-110
13,13,90,-21,-35,-109
13,13,90,-21,-35,-107
5,7,270,-5,-50,-117
5,7,270,-5,-47,-117
5,7,270,-5,-44,-117
13,13,270,-4,-41,-118
13,13,270,-4,-41,-116
13,13,0,-5,-38,-118
13,13,0,-7,-38,-118
13,13,90,-7,-35,-117
13,13,90,-7,-35,-115
5,7,270,-16,-50,-122
5,7,270,-16,-47,-122
5,7,270,-16,-44,-122
13,13,270,-15,-41,-123
13,13,270,-15,-41,-121
13,13,0,-16,-38,-123
13,13,0,-18,-38,-123
13,13,90,-18,-35,-122
13,13,90,-18,-35,-120
5,7,270,-23,-50,-120
5,7,270,-23,-47,-120
5,7,270,-23,-44,-120
13,13,270,-22,-41,-121
13,13,270,-22,-41,-119
13,13,0,-23,-38,-121
13,13,0,-25,-38,-121
13,13,90,-25,-35,-120
13,13,90,-25,-35,-118
5,7,180,-87,-50,-4
5,7,180,-87,-47,-4
5,7,180,-87,-44,-4
13,13,180,-86,-41,-3
13,13,180,-88,-41,-3
13,13,270,-86,-38,-4
13,13,270,-86,-38,-6
13,13,0,-87,-35,-6
13,13,0,-89,-35,-6
5,7,180,-93,-50,-10
5,7,180,-93,-47,-10
5,7,180,-93,-44,-10
13,13,180,-92,-41,-9
13,13,180,-94,-41,-9
13,13,270,-92,-38,-10
13,13,270,-92,-38,-12
13,13,0,-93,-35,-12
13,13,0,-95,-35,-12
5,7,180,-80,-50,-18
5,7,180,-80,-47,-18
5,7,180,-80,-44,-18
13,13,180,-79,-41,-17
13,13,180,-81,-41,-17
13,13,270,-79,-38,-18
13,13,270,-79,-38,-20
13,13,0,-80,-35,-20
13,13,0,-82,-35,-20
5,7,180,-81,-50,-27
5,7,180,-81,-47,-27
5,7,180,-81,-44,-27
13,13,180,-80,-41,-26
13,13,180,-82,-41,-26
13,13,270,-80,-38,-27
13,13,270,-80,-38,-29
13,13,0,-81,-35,-29
13,13,0,-83,-35,-29
5,7,180,-89,-50,-17
5,7,180,-89,-47,-17
5,7,180,-89,-44,-17
13,13,180,-88,-41,-16
13,13,180,-90,-41,-16
13,13,270,-88,-38,-17
13,13,270,-88,-38,-19
13,13,0,-89,-35,-19
13,13,0,-91,-35,-19
5,7,180,-86,-50,-11
5,7,180,-86,-47,-11
5,7,180,-86,-44,-11
13,13,180,-85,-41,-10
13,13,180,-87,-41,-10
13,13,270,-85,-38,-11
13,13,270,-85,-38,-13
13,13,0,-86,-35,-13
13,13,0,-88,-35,-13
5,7,180,-77,-50,-6
5,7,180,-77,-47,-6
5,7,180,-77,-44,-6
13,13,180,-76,-41,-5
13,13,180,-78,-41,-5
13,13,270,-76,-38,-6
13,13,270,-76,-38,-8
13,13,0,-77,-35,-8
13,13,0,-79,-35,-8
5,7,180,-72,-50,-11
5,7,180,-72,-47,-11
5,7,180,-72,-44,-11
13,13,180,-71,-41,-10
13,13,180,-73,-41,-10
13,13,270,-71,-38,-11
13,13,270,-71,-38,-13
13,13,0,-72,-35,-13
13,13,0,-74,-35,-13
5,7,180,-72,-50,-26
5,7,180,-72,-47,-26
5,7,180,-72,-44,-26
13,13,180,-71,-41,-25
13,13,180,-73,-41,-25
13,13,270,-71,-38,-26
13,13,270,-71,-38,-28
13,13,0,-72,-35,-28
13,13,0,-74,-35,-28
5,7,180,-69,-50,-33
5,7,180,-69,-47,-33
5,7,180,-69,-44,-33
13,13,180,-68,-41,-32
13,13,180,-70,-41,-32
13,13,270,-68,-38,-33
13,13,270,-68,-38,-35
13,13,0,-69,-35,-35
13,13,0,-71,-35,-35
5,7,180,-89,-50,-27
5,7,180,-89,-47,-27
5,7,180,-89,-44,-27
13,13,180,-88,-41,-26
13,13,180,-90,-41,-26
13,13,270,-88,-38,-27
13,13,270,-88,-38,-29
13,13,0,-89,-35,-29
13,13,0,-91,-35,-29
5,7,180,-95,-50,-20
5,7,180,-95,-47,-20
5,7,180,-95,-44,-20
13,13,180,-94,-41,-19
13,13,180,-96,-41,-19
13,13,270,-94,-38,-20
13,13,270,-94,-38,-22
13,13,0,-95,-35,-22
13,13,0,-97,-35,-22
5,7,180,-91,-50,-36
5,7,180,-91,-47,-36
5,7,180,-91,-44,-36
13,13,180,-90,-41,-35
13,13,180,-92,-41,-35
13,13,270,-90,-38,-36
13,13,270,-90,-38,-38
13,13,0,-91,-35,-38
13,13,0,-93,-35,-38
5,7,180,-82,-50,-39
5,7,180,-82,-47,-39
5,7,180,-82,-44,-39
13,13,180,-81,-41,-38
13,13,180,-83,-41,-38
13,13,270,-81,-38,-39
13,13,270,-81,-38,-41
13,13,0,-82,-35,-41
13,13,0,-84,-35,-41
5,7,180,-75,-50,-37
5,7,180,-75,-47,-37
5,7,180,-75,-44,-37
13,13,180,-74,-41,-36
13,13,180,-76,-41,-36
13,13,270,-74,-38,-37
13,13,270,-74,-38,-39
13,13,0,-75,-35,-39
13,13,0,-77,-35,-39
5,7,180,-67,-50,-23
5,7,180,-67,-47,-23
5,7,180,-67,-44,-23
13,13,180,-66,-41,-22
13,13,180,-68,-41,-22
13,13,270,-66,-38,-23
13,13,270,-66,-38,-25
13,13,0,-67,-35,-25
13,13,0,-69,-35,-25
5,7,180,-65,-50,-10
5,7,180,-65,-47,-10
5,7,180,-65,-44,-10
13,13,180,-66,-41,-9
13,13,0,-67,-35,-12
13,13,180,-65,-41,-40
13,13,0,-66,-35,-43
13,13,270,-69,-38,-2
