Vertex Count: 804

Data:

1.9416 4.8 1.4107 0.85 0 0.809 0 0.5878
1.9416 3.2 1.4107 0.85 1 0.809 0 0.5878
2.4 3.2 0 0.75 1 1 0 0
2.4 3.2 0 0.75 1 1 0 0
2.4 4.8 0 0.75 0 1 0 0
1.9416 4.8 1.4107 0.85 0 0.809 0 0.5878
0.7416 4.8 2.2825 0.95 0 0.309 0 0.9511
0.7416 3.2 2.2825 0.95 1 0.309 0 0.9511
1.9416 3.2 1.4107 0.85 1 0.809 0 0.5878
1.9416 3.2 1.4107 0.85 1 0.809 0 0.5878
1.9416 4.8 1.4107 0.85 0 0.809 0 0.5878
0.7416 4.8 2.2825 0.95 0 0.309 0 0.9511
-0.7416 4.8 2.2825 1.05 0 -0.309 0 0.9511
-0.7416 3.2 2.2825 1.05 1 -0.309 0 0.9511
0.7416 3.2 2.2825 0.95 1 0.309 0 0.9511
0.7416 3.2 2.2825 0.95 1 0.309 0 0.9511
0.7416 4.8 2.2825 0.95 0 0.309 0 0.9511
-0.7416 4.8 2.2825 1.05 0 -0.309 0 0.9511
-1.9416 4.8 1.4107 0.15 0 -0.809 0 0.5878
-1.9416 3.2 1.4107 0.15 1 -0.809 0 0.5878
-0.7416 3.2 2.2825 0.05 1 -0.309 0 0.9511
-0.7416 3.2 2.2825 0.05 1 -0.309 0 0.9511
-0.7416 4.8 2.2825 0.05 0 -0.309 0 0.9511
-1.9416 4.8 1.4107 0.15 0 -0.809 0 0.5878
-2.4 4.8 -0 0.25 0 -1 0 -0
-2.4 3.2 -0 0.25 1 -1 0 -0
-1.9416 3.2 1.4107 0.15 1 -0.809 0 0.5878
-1.9416 3.2 1.4107 0.15 1 -0.809 0 0.5878
-1.9416 4.8 1.4107 0.15 0 -0.809 0 0.5878
-2.4 4.8 -0 0.25 0 -1 0 -0
-1.9416 4.8 -1.4107 0.35 0 -0.809 0 -0.5878
-1.9416 3.2 -1.4107 0.35 1 -0.809 0 -0.5878
-2.4 3.2 -0 0.25 1 -1 0 -0
-2.4 3.2 -0 0.25 1 -1 0 -0
-2.4 4.8 -0 0.25 0 -1 0 -0
-1.9416 4.8 -1.4107 0.35 0 -0.809 0 -0.5878
-0.7416 4.8 -2.2825 0.45 0 -0.309 0 -0.9511
-0.7416 3.2 -2.2825 0.45 1 -0.309 0 -0.9511
-1.9416 3.2 -1.4107 0.35 1 -0.809 0 -0.5878
-1.9416 3.2 -1.4107 0.35 1 -0.809 0 -0.5878
-1.9416 4.8 -1.4107 0.35 0 -0.809 0 -0.5878
-0.7416 4.8 -2.2825 0.45 0 -0.309 0 -0.9511
0.7416 4.8 -2.2825 0.55 0 0.309 0 -0.9511
0.7416 3.2 -2.2825 0.55 1 0.309 0 -0.9511
-0.7416 3.2 -2.2825 0.45 1 -0.309 0 -0.9511
-0.7416 3.2 -2.2825 0.45 1 -0.309 0 -0.9511
-0.7416 4.8 -2.2825 0.45 0 -0.309 0 -0.9511
0.7416 4.8 -2.2825 0.55 0 0.309 0 -0.9511
1.9416 4.8 -1.4107 0.65 0 0.809 0 -0.5878
1.9416 3.2 -1.4107 0.65 1 0.809 0 -0.5878
0.7416 3.2 -2.2825 0.55 1 0.309 0 -0.9511
0.7416 3.2 -2.2825 0.55 1 0.309 0 -0.9511
0.7416 4.8 -2.2825 0.55 0 0.309 0 -0.9511
1.9416 4.8 -1.4107 0.65 0 0.809 0 -0.5878
2.4 4.8 0 0.75 0 1 0 0
2.4 3.2 0 0.75 1 1 0 0
1.9416 3.2 -1.4107 0.65 1 0.809 0 -0.5878
1.9416 3.2 -1.4107 0.65 1 0.809 0 -0.5878
1.9416 4.8 -1.4107 0.65 0 0.809 0 -0.5878
2.4 4.8 0 0.75 0 1 0 0
-0.7416 4.8 2.2825 0.0245 0.6545 0 1 0
0.7416 4.8 2.2825 0.0245 0.3455 0 1 0
1.9416 4.8 1.4107 0.2061 0.0955 0 1 0
-2.4 4.8 -0 0.5 1 0 1 0
-1.9416 4.8 1.4107 0.2061 0.9045 0 1 0
-0.7416 4.8 2.2825 0.0245 0.6545 0 1 0
-0.7416 4.8 -2.2825 0.9755 0.6545 0 1 0
-1.9416 4.8 -1.4107 0.7939 0.9045 0 1 0
-2.4 4.8 -0 0.5 1 0 1 0
1.9416 4.8 -1.4107 0.7939 0.0955 0 1 0
0.7416 4.8 -2.2825 0.9755 0.3455 0 1 0
-0.7416 4.8 -2.2825 0.9755 0.6545 0 1 0
1.9416 4.8 -1.4107 0.7939 0.0955 0 1 0
-0.7416 4.8 -2.2825 0.9755 0.6545 0 1 0
-2.4 4.8 -0 0.5 1 0 1 0
1.9416 4.8 -1.4107 0.7939 0.0955 0 1 0
-2.4 4.8 -0 0.5 1 0 1 0
-0.7416 4.8 2.2825 0.0245 0.6545 0 1 0
1.9416 4.8 -1.4107 0.7939 0.0955 0 1 0
-0.7416 4.8 2.2825 0.0245 0.6545 0 1 0
1.9416 4.8 1.4107 0.2061 0.0955 0 1 0
1.9416 4.8 -1.4107 0.7939 0.0955 0 1 0
1.9416 4.8 1.4107 0.2061 0.0955 0 1 0
2.4 4.8 0 0.5 0 0 1 0
1.9416 4.8 9.4107 0.85 0 0.809 0 0.5878
1.9416 3.2 9.4107 0.85 1 0.809 0 0.5878
2.4 3.2 8 0.75 1 1 0 0
2.4 3.2 8 0.75 1 1 0 0
2.4 4.8 8 0.75 0 1 0 0
1.9416 4.8 9.4107 0.85 0 0.809 0 0.5878
0.7416 4.8 10.2825 0.95 0 0.309 0 0.9511
0.7416 3.2 10.2825 0.95 1 0.309 0 0.9511
1.9416 3.2 9.4107 0.85 1 0.809 0 0.5878
1.9416 3.2 9.4107 0.85 1 0.809 0 0.5878
1.9416 4.8 9.4107 0.85 0 0.809 0 0.5878
0.7416 4.8 10.2825 0.95 0 0.309 0 0.9511
-0.7416 4.8 10.2825 1.05 0 -0.309 0 0.9511
-0.7416 3.2 10.2825 1.05 1 -0.309 0 0.9511
0.7416 3.2 10.2825 0.95 1 0.309 0 0.9511
0.7416 3.2 10.2825 0.95 1 0.309 0 0.9511
0.7416 4.8 10.2825 0.95 0 0.309 0 0.9511
-0.7416 4.8 10.2825 1.05 0 -0.309 0 0.9511
-1.9416 4.8 9.4107 0.15 0 -0.809 0 0.5878
-1.9416 3.2 9.4107 0.15 1 -0.809 0 0.5878
-0.7416 3.2 10.2825 0.05 1 -0.309 0 0.9511
-0.7416 3.2 10.2825 0.05 1 -0.309 0 0.9511
-0.7416 4.8 10.2825 0.05 0 -0.309 0 0.9511
-1.9416 4.8 9.4107 0.15 0 -0.809 0 0.5878
-2.4 4.8 8 0.25 0 -1 0 -0
-2.4 3.2 8 0.25 1 -1 0 -0
-1.9416 3.2 9.4107 0.15 1 -0.809 0 0.5878
-1.9416 3.2 9.4107 0.15 1 -0.809 0 0.5878
-1.9416 4.8 9.4107 0.15 0 -0.809 0 0.5878
-2.4 4.8 8 0.25 0 -1 0 -0
-1.9416 4.8 6.5893 0.35 0 -0.809 0 -0.5878
-1.9416 3.2 6.5893 0.35 1 -0.809 0 -0.5878
-2.4 3.2 8 0.25 1 -1 0 -0
-2.4 3.2 8 0.25 1 -1 0 -0
-2.4 4.8 8 0.25 0 -1 0 -0
-1.9416 4.8 6.5893 0.35 0 -0.809 0 -0.5878
-0.7416 4.8 5.7175 0.45 0 -0.309 0 -0.9511
-0.7416 3.2 5.7175 0.45 1 -0.309 0 -0.9511
-1.9416 3.2 6.5893 0.35 1 -0.809 0 -0.5878
-1.9416 3.2 6.5893 0.35 1 -0.809 0 -0.5878
-1.9416 4.8 6.5893 0.35 0 -0.809 0 -0.5878
-0.7416 4.8 5.7175 0.45 0 -0.309 0 -0.9511
0.7416 4.8 5.7175 0.55 0 0.309 0 -0.9511
0.7416 3.2 5.7175 0.55 1 0.309 0 -0.9511
-0.7416 3.2 5.7175 0.45 1 -0.309 0 -0.9511
-0.7416 3.2 5.7175 0.45 1 -0.309 0 -0.9511
-0.7416 4.8 5.7175 0.45 0 -0.309 0 -0.9511
0.7416 4.8 5.7175 0.55 0 0.309 0 -0.9511
1.9416 4.8 6.5893 0.65 0 0.809 0 -0.5878
1.9416 3.2 6.5893 0.65 1 0.809 0 -0.5878
0.7416 3.2 5.7175 0.55 1 0.309 0 -0.9511
0.7416 3.2 5.7175 0.55 1 0.309 0 -0.9511
0.7416 4.8 5.7175 0.55 0 0.309 0 -0.9511
1.9416 4.8 6.5893 0.65 0 0.809 0 -0.5878
2.4 4.8 8 0.75 0 1 0 0
2.4 3.2 8 0.75 1 1 0 0
1.9416 3.2 6.5893 0.65 1 0.809 0 -0.5878
1.9416 3.2 6.5893 0.65 1 0.809 0 -0.5878
1.9416 4.8 6.5893 0.65 0 0.809 0 -0.5878
2.4 4.8 8 0.75 0 1 0 0
-0.7416 4.8 10.2825 0.0245 0.6545 0 1 0
0.7416 4.8 10.2825 0.0245 0.3455 0 1 0
1.9416 4.8 9.4107 0.2061 0.0955 0 1 0
-2.4 4.8 8 0.5 1 0 1 0
-1.9416 4.8 9.4107 0.2061 0.9045 0 1 0
-0.7416 4.8 10.2825 0.0245 0.6545 0 1 0
-0.7416 4.8 5.7175 0.9755 0.6545 0 1 0
-1.9416 4.8 6.5893 0.7939 0.9045 0 1 0
-2.4 4.8 8 0.5 1 0 1 0
1.9416 4.8 6.5893 0.7939 0.0955 0 1 0
0.7416 4.8 5.7175 0.9755 0.3455 0 1 0
-0.7416 4.8 5.7175 0.9755 0.6545 0 1 0
1.9416 4.8 6.5893 0.7939 0.0955 0 1 0
-0.7416 4.8 5.7175 0.9755 0.6545 0 1 0
-2.4 4.8 8 0.5 1 0 1 0
1.9416 4.8 6.5893 0.7939 0.0955 0 1 0
-2.4 4.8 8 0.5 1 0 1 0
-0.7416 4.8 10.2825 0.0245 0.6545 0 1 0
1.9416 4.8 6.5893 0.7939 0.0955 0 1 0
-0.7416 4.8 10.2825 0.0245 0.6545 0 1 0
1.9416 4.8 9.4107 0.2061 0.0955 0 1 0
1.9416 4.8 6.5893 0.7939 0.0955 0 1 0
1.9416 4.8 9.4107 0.2061 0.0955 0 1 0
2.4 4.8 8 0.5 0 0 1 0
1.9416 4.8 17.4107 0.85 0 0.809 0 0.5878
1.9416 3.2 17.4107 0.85 1 0.809 0 0.5878
2.4 3.2 16 0.75 1 1 0 0
2.4 3.2 16 0.75 1 1 0 0
2.4 4.8 16 0.75 0 1 0 0
1.9416 4.8 17.4107 0.85 0 0.809 0 0.5878
0.7416 4.8 18.2825 0.95 0 0.309 0 0.9511
0.7416 3.2 18.2825 0.95 1 0.309 0 0.9511
1.9416 3.2 17.4107 0.85 1 0.809 0 0.5878
1.9416 3.2 17.4107 0.85 1 0.809 0 0.5878
1.9416 4.8 17.4107 0.85 0 0.809 0 0.5878
0.7416 4.8 18.2825 0.95 0 0.309 0 0.9511
-0.7416 4.8 18.2825 1.05 0 -0.309 0 0.9511
-0.7416 3.2 18.2825 1.05 1 -0.309 0 0.9511
0.7416 3.2 18.2825 0.95 1 0.309 0 0.9511
0.7416 3.2 18.2825 0.95 1 0.309 0 0.9511
0.7416 4.8 18.2825 0.95 0 0.309 0 0.9511
-0.7416 4.8 18.2825 1.05 0 -0.309 0 0.9511
-1.9416 4.8 17.4107 0.15 0 -0.809 0 0.5878
-1.9416 3.2 17.4107 0.15 1 -0.809 0 0.5878
-0.7416 3.2 18.2825 0.05 1 -0.309 0 0.9511
-0.7416 3.2 18.2825 0.05 1 -0.309 0 0.9511
-0.7416 4.8 18.2825 0.05 0 -0.309 0 0.9511
-1.9416 4.8 17.4107 0.15 0 -0.809 0 0.5878
-2.4 4.8 16 0.25 0 -1 0 -0
-2.4 3.2 16 0.25 1 -1 0 -0
-1.9416 3.2 17.4107 0.15 1 -0.809 0 0.5878
-1.9416 3.2 17.4107 0.15 1 -0.809 0 0.5878
-1.9416 4.8 17.4107 0.15 0 -0.809 0 0.5878
-2.4 4.8 16 0.25 0 -1 0 -0
-1.9416 4.8 14.5893 0.35 0 -0.809 0 -0.5878
-1.9416 3.2 14.5893 0.35 1 -0.809 0 -0.5878
-2.4 3.2 16 0.25 1 -1 0 -0
-2.4 3.2 16 0.25 1 -1 0 -0
-2.4 4.8 16 0.25 0 -1 0 -0
-1.9416 4.8 14.5893 0.35 0 -0.809 0 -0.5878
-0.7416 4.8 13.7175 0.45 0 -0.309 0 -0.9511
-0.7416 3.2 13.7175 0.45 1 -0.309 0 -0.9511
-1.9416 3.2 14.5893 0.35 1 -0.809 0 -0.5878
-1.9416 3.2 14.5893 0.35 1 -0.809 0 -0.5878
-1.9416 4.8 14.5893 0.35 0 -0.809 0 -0.5878
-0.7416 4.8 13.7175 0.45 0 -0.309 0 -0.9511
0.7416 4.8 13.7175 0.55 0 0.309 0 -0.9511
0.7416 3.2 13.7175 0.55 1 0.309 0 -0.9511
-0.7416 3.2 13.7175 0.45 1 -0.309 0 -0.9511
-0.7416 3.2 13.7175 0.45 1 -0.309 0 -0.9511
-0.7416 4.8 13.7175 0.45 0 -0.309 0 -0.9511
0.7416 4.8 13.7175 0.55 0 0.309 0 -0.9511
1.9416 4.8 14.5893 0.65 0 0.809 0 -0.5878
1.9416 3.2 14.5893 0.65 1 0.809 0 -0.5878
0.7416 3.2 13.7175 0.55 1 0.309 0 -0.9511
0.7416 3.2 13.7175 0.55 1 0.309 0 -0.9511
0.7416 4.8 13.7175 0.55 0 0.309 0 -0.9511
1.9416 4.8 14.5893 0.65 0 0.809 0 -0.5878
2.4 4.8 16 0.75 0 1 0 0
2.4 3.2 16 0.75 1 1 0 0
1.9416 3.2 14.5893 0.65 1 0.809 0 -0.5878
1.9416 3.2 14.5893 0.65 1 0.809 0 -0.5878
1.9416 4.8 14.5893 0.65 0 0.809 0 -0.5878
2.4 4.8 16 0.75 0 1 0 0
-0.7416 4.8 18.2825 0.0245 0.6545 0 1 0
0.7416 4.8 18.2825 0.0245 0.3455 0 1 0
1.9416 4.8 17.4107 0.2061 0.0955 0 1 0
-2.4 4.8 16 0.5 1 0 1 0
-1.9416 4.8 17.4107 0.2061 0.9045 0 1 0
-0.7416 4.8 18.2825 0.0245 0.6545 0 1 0
-0.7416 4.8 13.7175 0.9755 0.6545 0 1 0
-1.9416 4.8 14.5893 0.7939 0.9045 0 1 0
-2.4 4.8 16 0.5 1 0 1 0
1.9416 4.8 14.5893 0.7939 0.0955 0 1 0
0.7416 4.8 13.7175 0.9755 0.3455 0 1 0
-0.7416 4.8 13.7175 0.9755 0.6545 0 1 0
1.9416 4.8 14.5893 0.7939 0.0955 0 1 0
-0.7416 4.8 13.7175 0.9755 0.6545 0 1 0
-2.4 4.8 16 0.5 1 0 1 0
1.9416 4.8 14.5893 0.7939 0.0955 0 1 0
-2.4 4.8 16 0.5 1 0 1 0
-0.7416 4.8 18.2825 0.0245 0.6545 0 1 0
1.9416 4.8 14.5893 0.7939 0.0955 0 1 0
-0.7416 4.8 18.2825 0.0245 0.6545 0 1 0
1.9416 4.8 17.4107 0.2061 0.0955 0 1 0
1.9416 4.8 14.5893 0.7939 0.0955 0 1 0
1.9416 4.8 17.4107 0.2061 0.0955 0 1 0
2.4 4.8 16 0.5 0 0 1 0
-3.9 0 28 0.9875 0 0 -1 0
-4 0 27.9 1 0.00309998 0 -1 0
-4 0 -3.9 1 0.9969 0 -1 0
4 0 27.9 0 0.00309998 0 -1 0
3.9 0 28 0.0125 0 0 -1 0
-3.9 0 28 0.9875 0 0 -1 0
4 0 27.9 0 0.00309998 0 -1 0
-3.9 0 28 0.9875 0 0 -1 0
-4 0 -3.9 1 0.9969 0 -1 0
3.9 0 -4 0.0125 1 0 -1 0
4 0 -3.9 0 0.9969 0 -1 0
4 0 27.9 0 0.00309998 0 -1 0
3.9 0 -4 0.0125 1 0 -1 0
4 0 27.9 0 0.00309998 0 -1 0
-4 0 -3.9 1 0.9969 0 -1 0
3.9 0 -4 0.0125 1 0 -1 0
-4 0 -3.9 1 0.9969 0 -1 0
-3.9 0 -4 0.9875 1 0 -1 0
3.9 3.2 27.9 0.9875 0.00309998 0 1 0
3.9 3.2 -3.9 0.9875 0.9969 0 1 0
-3.9 3.2 -3.9 0.0125 0.9969 0 1 0
-3.9 3.2 -3.9 0.0125 0.9969 0 1 0
-3.9 3.2 27.9 0.0125 0.00309998 0 1 0
3.9 3.2 27.9 0.9875 0.00309998 0 1 0
3.9 3.1 -4 0.9875 0.0312 0 0 -1
3.9 0 -4 0.9875 1 0 0 -1
-3.9 0 -4 0.0125 1 0 0 -1
-3.9 0 -4 0.0125 1 0 0 -1
-3.9 3.1 -4 0.0125 0.0312 0 0 -1
3.9 3.1 -4 0.9875 0.0312 0 0 -1
4 3.1 27.9 0.9969 0.0312 1 0 0
4 0 27.9 0.9969 1 1 0 0
4 0 -3.9 0.0031 1 1 0 0
4 0 -3.9 0.0031 1 1 0 0
4 3.1 -3.9 0.0031 0.0312 1 0 0
4 3.1 27.9 0.9969 0.0312 1 0 0
-3.9 3.1 28 0.9875 0.0312 0 0 1
-3.9 0 28 0.9875 1 0 0 1
3.9 0 28 0.0125 1 0 0 1
3.9 0 28 0.0125 1 0 0 1
3.9 3.1 28 0.0125 0.0312 0 0 1
-3.9 3.1 28 0.9875 0.0312 0 0 1
-4 3.1 -3.9 0.9969 0.0312 -1 0 0
-4 0 -3.9 0.9969 1 -1 0 0
-4 0 27.9 0.0031 1 -1 0 0
-4 0 27.9 0.0031 1 -1 0 0
-4 3.1 27.9 0.0031 0.0312 -1 0 0
-4 3.1 -3.9 0.9969 0.0312 -1 0 0
-4 3.1 -3.9 -0.0003 0.0493 -0.5774 0.5774 -0.5773
-3.9 3.2 -3.9 -0.0129 0.00530005 -0.5774 0.5774 -0.5773
-3.9 3.1 -4 0.0125 0.0312 -0.5774 0.5774 -0.5773
3.9 3.1 -4 -0.0096 0.0493 0.5774 0.5774 -0.5773
3.9 3.2 -3.9 -0.0166 0.00530005 0.5774 0.5774 -0.5773
4 3.1 -3.9 0.0031 0.0312 0.5774 0.5774 -0.5773
-3.9 3.1 28 -0.0096 0.0493 -0.5774 0.5774 0.5773
-3.9 3.2 27.9 -0.0166 0.00530005 -0.5774 0.5774 0.5773
-4 3.1 27.9 0.0031 0.0312 -0.5774 0.5774 0.5773
4 3.1 27.9 -0.0003 0.0493 0.5774 0.5774 0.5773
3.9 3.2 27.9 -0.0129 0.00530005 0.5774 0.5774 0.5773
3.9 3.1 28 0.0125 0.0312 0.5774 0.5774 0.5773
3.9 3.1 -4 0.9875 0.0312 0 0.7071 -0.7071
-3.9 3.1 -4 0.0125 0.0312 0 0.7071 -0.7071
-3.9 3.2 -3.9 0.0125 -0.00100005 0 0.7071 -0.7071
-3.9 3.2 -3.9 0.0125 -0.00100005 0 0.7071 -0.7071
3.9 3.2 -3.9 0.9875 -0.00100005 0 0.7071 -0.7071
3.9 3.1 -4 0.9875 0.0312 0 0.7071 -0.7071
4 3.1 27.9 0.9969 0.0312 0.7071 0.7071 0
4 3.1 -3.9 0.0031 0.0312 0.7071 0.7071 0
3.9 3.2 -3.9 0.0031 0.00909996 0.7071 0.7071 0
3.9 3.2 -3.9 0.0031 0.00909996 0.7071 0.7071 0
3.9 3.2 27.9 0.9969 0.00909996 0.7071 0.7071 0
4 3.1 27.9 0.9969 0.0312 0.7071 0.7071 0
-3.9 3.1 28 0.9875 0.0312 0 0.7071 0.7071
3.9 3.1 28 0.0125 0.0312 0 0.7071 0.7071
3.9 3.2 27.9 0.0125 -0.00100005 0 0.7071 0.7071
3.9 3.2 27.9 0.0125 -0.00100005 0 0.7071 0.7071
-3.9 3.2 27.9 0.9875 -0.00100005 0 0.7071 0.7071
-3.9 3.1 28 0.9875 0.0312 0 0.7071 0.7071
-4 3.1 -3.9 0.9969 0.0312 -0.7071 0.7071 0
-4 3.1 27.9 0.0031 0.0312 -0.7071 0.7071 0
-3.9 3.2 27.9 0.0031 0.00909996 -0.7071 0.7071 0
-3.9 3.2 27.9 0.0031 0.00909996 -0.7071 0.7071 0
-3.9 3.2 -3.9 0.9969 0.00909996 -0.7071 0.7071 0
-4 3.1 -3.9 0.9969 0.0312 -0.7071 0.7071 0
4 3.1 -3.9 0.0031 0.0312 0.7071 0 -0.7071
4 0 -3.9 0.0031 1 0.7071 0 -0.7071
3.9 0 -4 -0.001 0.9992 0.7071 0 -0.7071
3.9 0 -4 -0.001 0.9992 0.7071 0 -0.7071
3.9 3.1 -4 -0.001 0.0334 0.7071 0 -0.7071
4 3.1 -3.9 0.0031 0.0312 0.7071 0 -0.7071
-4 0 -3.9 0.9969 1 -0.7071 0 -0.7071
-4 3.1 -3.9 0.9969 0.0312 -0.7071 0 -0.7071
-3.9 3.1 -4 1.001 0.0334 -0.7071 0 -0.7071
-3.9 3.1 -4 1.001 0.0334 -0.7071 0 -0.7071
-3.9 0 -4 1.001 0.9992 -0.7071 0 -0.7071
-4 0 -3.9 0.9969 1 -0.7071 0 -0.7071
3.9 3.1 28 0.0125 0.0312 0.7071 0 0.7071
3.9 0 28 0.0125 1 0.7071 0 0.7071
4 0 27.9 -0.005 1.0111 0.7071 0 0.7071
4 0 27.9 -0.005 1.0111 0.7071 0 0.7071
4 3.1 27.9 -0.0048 0.0387 0.7071 0 0.7071
3.9 3.1 28 0.0125 0.0312 0.7071 0 0.7071
-4 3.1 27.9 0.0031 0.0312 -0.7071 0 0.7071
-4 0 27.9 0.0031 1 -0.7071 0 0.7071
-3.9 0 28 -0.001 0.9992 -0.7071 0 0.7071
-3.9 0 28 -0.001 0.9992 -0.7071 0 0.7071
-3.9 3.1 28 -0.001 0.0334 -0.7071 0 0.7071
-4 3.1 27.9 0.0031 0.0312 -0.7071 0 0.7071
1.9416 4.8 25.4107 0.85 0 0.809 0 0.5878
1.9416 3.2 25.4107 0.85 1 0.809 0 0.5878
2.4 3.2 24 0.75 1 1 0 0
2.4 3.2 24 0.75 1 1 0 0
2.4 4.8 24 0.75 0 1 0 0
1.9416 4.8 25.4107 0.85 0 0.809 0 0.5878
0.7416 4.8 26.2825 0.95 0 0.309 0 0.9511
0.7416 3.2 26.2825 0.95 1 0.309 0 0.9511
1.9416 3.2 25.4107 0.85 1 0.809 0 0.5878
1.9416 3.2 25.4107 0.85 1 0.809 0 0.5878
1.9416 4.8 25.4107 0.85 0 0.809 0 0.5878
0.7416 4.8 26.2825 0.95 0 0.309 0 0.9511
-0.7416 4.8 26.2825 1.05 0 -0.309 0 0.9511
-0.7416 3.2 26.2825 1.05 1 -0.309 0 0.9511
0.7416 3.2 26.2825 0.95 1 0.309 0 0.9511
0.7416 3.2 26.2825 0.95 1 0.309 0 0.9511
0.7416 4.8 26.2825 0.95 0 0.309 0 0.9511
-0.7416 4.8 26.2825 1.05 0 -0.309 0 0.9511
-1.9416 4.8 25.4107 0.15 0 -0.809 0 0.5878
-1.9416 3.2 25.4107 0.15 1 -0.809 0 0.5878
-0.7416 3.2 26.2825 0.05 1 -0.309 0 0.9511
-0.7416 3.2 26.2825 0.05 1 -0.309 0 0.9511
-0.7416 4.8 26.2825 0.05 0 -0.309 0 0.9511
-1.9416 4.8 25.4107 0.15 0 -0.809 0 0.5878
-2.4 4.8 24 0.25 0 -1 0 -0
-2.4 3.2 24 0.25 1 -1 0 -0
-1.9416 3.2 25.4107 0.15 1 -0.809 0 0.5878
-1.9416 3.2 25.4107 0.15 1 -0.809 0 0.5878
-1.9416 4.8 25.4107 0.15 0 -0.809 0 0.5878
-2.4 4.8 24 0.25 0 -1 0 -0
-1.9416 4.8 22.5893 0.35 0 -0.809 0 -0.5878
-1.9416 3.2 22.5893 0.35 1 -0.809 0 -0.5878
-2.4 3.2 24 0.25 1 -1 0 -0
-2.4 3.2 24 0.25 1 -1 0 -0
-2.4 4.8 24 0.25 0 -1 0 -0
-1.9416 4.8 22.5893 0.35 0 -0.809 0 -0.5878
-0.7416 4.8 21.7175 0.45 0 -0.309 0 -0.9511
-0.7416 3.2 21.7175 0.45 1 -0.309 0 -0.9511
-1.9416 3.2 22.5893 0.35 1 -0.809 0 -0.5878
-1.9416 3.2 22.5893 0.35 1 -0.809 0 -0.5878
-1.9416 4.8 22.5893 0.35 0 -0.809 0 -0.5878
-0.7416 4.8 21.7175 0.45 0 -0.309 0 -0.9511
0.7416 4.8 21.7175 0.55 0 0.309 0 -0.9511
0.7416 3.2 21.7175 0.55 1 0.309 0 -0.9511
-0.7416 3.2 21.7175 0.45 1 -0.309 0 -0.9511
-0.7416 3.2 21.7175 0.45 1 -0.309 0 -0.9511
-0.7416 4.8 21.7175 0.45 0 -0.309 0 -0.9511
0.7416 4.8 21.7175 0.55 0 0.309 0 -0.9511
1.9416 4.8 22.5893 0.65 0 0.809 0 -0.5878
1.9416 3.2 22.5893 0.65 1 0.809 0 -0.5878
0.7416 3.2 21.7175 0.55 1 0.309 0 -0.9511
0.7416 3.2 21.7175 0.55 1 0.309 0 -0.9511
0.7416 4.8 21.7175 0.55 0 0.309 0 -0.9511
1.9416 4.8 22.5893 0.65 0 0.809 0 -0.5878
2.4 4.8 24 0.75 0 1 0 0
2.4 3.2 24 0.75 1 1 0 0
1.9416 3.2 22.5893 0.65 1 0.809 0 -0.5878
1.9416 3.2 22.5893 0.65 1 0.809 0 -0.5878
1.9416 4.8 22.5893 0.65 0 0.809 0 -0.5878
2.4 4.8 24 0.75 0 1 0 0
-0.7416 4.8 26.2825 0.0245 0.6545 0 1 0
0.7416 4.8 26.2825 0.0245 0.3455 0 1 0
1.9416 4.8 25.4107 0.2061 0.0955 0 1 0
-2.4 4.8 24 0.5 1 0 1 0
-1.9416 4.8 25.4107 0.2061 0.9045 0 1 0
-0.7416 4.8 26.2825 0.0245 0.6545 0 1 0
-0.7416 4.8 21.7175 0.9755 0.6545 0 1 0
-1.9416 4.8 22.5893 0.7939 0.9045 0 1 0
-2.4 4.8 24 0.5 1 0 1 0
1.9416 4.8 22.5893 0.7939 0.0955 0 1 0
0.7416 4.8 21.7175 0.9755 0.3455 0 1 0
-0.7416 4.8 21.7175 0.9755 0.6545 0 1 0
1.9416 4.8 22.5893 0.7939 0.0955 0 1 0
-0.7416 4.8 21.7175 0.9755 0.6545 0 1 0
-2.4 4.8 24 0.5 1 0 1 0
1.9416 4.8 22.5893 0.7939 0.0955 0 1 0
-2.4 4.8 24 0.5 1 0 1 0
-0.7416 4.8 26.2825 0.0245 0.6545 0 1 0
1.9416 4.8 22.5893 0.7939 0.0955 0 1 0
-0.7416 4.8 26.2825 0.0245 0.6545 0 1 0
1.9416 4.8 25.4107 0.2061 0.0955 0 1 0
1.9416 4.8 22.5893 0.7939 0.0955 0 1 0
1.9416 4.8 25.4107 0.2061 0.0955 0 1 0
2.4 4.8 24 0.5 0 0 1 0
1.4013e-045 1.23637e-041 -4.22017e+037 1.4013e-045 1.23651e-041 1.4013e-045 1.23665e-041 -4.22017e+037
1.4013e-045 1.23637e-041 -4.22017e+037 1.4013e-045 1.23651e-041 1.4013e-045 1.23665e-041 -4.22017e+037
1.4013e-045 1.23637e-041 -4.22017e+037 1.4013e-045 1.23651e-041 1.4013e-045 1.23665e-041 -4.22017e+037
1.4013e-045 1.23637e-041 -4.22017e+037 1.4013e-045 1.23651e-041 1.4013e-045 1.23665e-041 -4.22017e+037
1.4013e-045 1.23637e-041 -4.22017e+037 1.4013e-045 1.23651e-041 1.4013e-045 1.23665e-041 -4.22017e+037
1.4013e-045 1.23637e-041 -4.22017e+037 1.4013e-045 1.23651e-041 1.4013e-045 1.23665e-041 -4.22017e+037
1.4013e-045 1.23637e-041 -4.22017e+037 1.4013e-045 1.23651e-041 1.4013e-045 1.23665e-041 -4.22017e+037
1.4013e-045 1.23637e-041 -4.22017e+037 1.4013e-045 1.23651e-041 1.4013e-045 1.23665e-041 -4.22017e+037
1.4013e-045 1.23637e-041 -4.22017e+037 1.4013e-045 1.23651e-041 1.4013e-045 1.23665e-041 -4.22017e+037
1.4013e-045 1.23637e-041 -4.22017e+037 1.4013e-045 1.23651e-041 1.4013e-045 1.23665e-041 -4.22017e+037
1.4013e-045 1.23637e-041 -4.22017e+037 1.4013e-045 1.23651e-041 1.4013e-045 1.23665e-041 -4.22017e+037
1.4013e-045 1.23637e-041 -4.22017e+037 1.4013e-045 1.23651e-041 1.4013e-045 1.23665e-041 -4.22017e+037
1.4013e-045 1.23637e-041 -4.22017e+037 1.4013e-045 1.23651e-041 1.4013e-045 1.23665e-041 -4.22017e+037
1.4013e-045 1.23637e-041 -4.22017e+037 1.4013e-045 1.23651e-041 1.4013e-045 1.23665e-041 -4.22017e+037
1.4013e-045 1.23637e-041 -4.22017e+037 1.4013e-045 1.23651e-041 1.4013e-045 1.23665e-041 -4.22017e+037
1.4013e-045 1.23637e-041 -4.22017e+037 1.4013e-045 1.23651e-041 1.4013e-045 1.23665e-041 -4.22017e+037
1.4013e-045 1.23637e-041 -4.22017e+037 1.4013e-045 1.23651e-041 1.4013e-045 1.23665e-041 -4.22017e+037
1.4013e-045 1.23637e-041 -4.22017e+037 1.4013e-045 1.23651e-041 1.4013e-045 1.23665e-041 -4.22017e+037
1.4013e-045 1.23637e-041 -4.22017e+037 1.4013e-045 1.23651e-041 1.4013e-045 1.23665e-041 -4.22017e+037
1.4013e-045 1.23637e-041 -4.22017e+037 1.4013e-045 1.23651e-041 1.4013e-045 1.23665e-041 -4.22017e+037
1.4013e-045 1.23637e-041 -4.22017e+037 1.4013e-045 1.23651e-041 1.4013e-045 1.23665e-041 -4.22017e+037
1.4013e-045 1.23637e-041 -4.22017e+037 1.4013e-045 1.23651e-041 1.4013e-045 1.23665e-041 -4.22017e+037
1.4013e-045 1.23637e-041 -4.22017e+037 1.4013e-045 1.23651e-041 1.4013e-045 1.23665e-041 -4.22017e+037
1.4013e-045 1.23637e-041 -4.22017e+037 1.4013e-045 1.23651e-041 1.4013e-045 1.23665e-041 -4.22017e+037
1.4013e-045 1.23637e-041 -4.22017e+037 1.4013e-045 1.23651e-041 1.4013e-045 1.23665e-041 -4.22017e+037
1.4013e-045 1.23637e-041 -4.22017e+037 1.4013e-045 1.23651e-041 1.4013e-045 1.23665e-041 -4.22017e+037
1.4013e-045 1.23637e-041 -4.22017e+037 1.4013e-045 1.23651e-041 1.4013e-045 1.23665e-041 -4.22017e+037
1.4013e-045 1.23637e-041 -4.22017e+037 1.4013e-045 1.23651e-041 1.4013e-045 1.23665e-041 -4.22017e+037
1.4013e-045 1.23637e-041 -4.22017e+037 1.4013e-045 1.23651e-041 1.4013e-045 1.23665e-041 -4.22017e+037
1.4013e-045 1.23637e-041 -4.22017e+037 1.4013e-045 1.23651e-041 1.4013e-045 1.23665e-041 -4.22017e+037
1.4013e-045 1.23637e-041 -4.22017e+037 1.4013e-045 1.23651e-041 1.4013e-045 1.23665e-041 -4.22017e+037
1.4013e-045 1.23637e-041 -4.22017e+037 1.4013e-045 1.23651e-041 1.4013e-045 1.23665e-041 -4.22017e+037
1.4013e-045 1.23637e-041 -4.22017e+037 1.4013e-045 1.23651e-041 1.4013e-045 1.23665e-041 -4.22017e+037
1.4013e-045 1.23637e-041 -4.22017e+037 1.4013e-045 1.23651e-041 1.4013e-045 1.23665e-041 -4.22017e+037
1.4013e-045 1.23637e-041 -4.22017e+037 1.4013e-045 1.23651e-041 1.4013e-045 1.23665e-041 -4.22017e+037
1.4013e-045 1.23637e-041 -4.22017e+037 1.4013e-045 1.23651e-041 1.4013e-045 1.23665e-041 -4.22017e+037
1.4013e-045 1.23637e-041 -4.22017e+037 1.4013e-045 1.23651e-041 1.4013e-045 1.23665e-041 -4.22017e+037
1.4013e-045 1.23637e-041 -4.22017e+037 1.4013e-045 1.23651e-041 1.4013e-045 1.23665e-041 -4.22017e+037
1.4013e-045 1.23637e-041 -4.22017e+037 1.4013e-045 1.23651e-041 1.4013e-045 1.23665e-041 -4.22017e+037
1.4013e-045 1.23637e-041 -4.22017e+037 1.4013e-045 1.23651e-041 1.4013e-045 1.23665e-041 -4.22017e+037
1.4013e-045 1.23637e-041 -4.22017e+037 1.4013e-045 1.23651e-041 1.4013e-045 1.23665e-041 -4.22017e+037
1.4013e-045 1.23637e-041 -4.22017e+037 1.4013e-045 1.23651e-041 1.4013e-045 1.23665e-041 -4.22017e+037
1.4013e-045 1.23637e-041 -4.22017e+037 1.4013e-045 1.23651e-041 1.4013e-045 1.23665e-041 -4.22017e+037
1.4013e-045 1.23637e-041 -4.22017e+037 1.4013e-045 1.23651e-041 1.4013e-045 1.23665e-041 -4.22017e+037
1.4013e-045 1.23637e-041 -4.22017e+037 1.4013e-045 1.23651e-041 1.4013e-045 1.23665e-041 -4.22017e+037
1.4013e-045 1.23637e-041 -4.22017e+037 1.4013e-045 1.23651e-041 1.4013e-045 1.23665e-041 -4.22017e+037
1.4013e-045 1.23637e-041 -4.22017e+037 1.4013e-045 1.23651e-041 1.4013e-045 1.23665e-041 -4.22017e+037
1.4013e-045 1.23637e-041 -4.22017e+037 1.4013e-045 1.23651e-041 1.4013e-045 1.23665e-041 -4.22017e+037
1.4013e-045 1.23637e-041 -4.22017e+037 1.4013e-045 1.23651e-041 1.4013e-045 1.23665e-041 -4.22017e+037
1.4013e-045 1.23637e-041 -4.22017e+037 1.4013e-045 1.23651e-041 1.4013e-045 1.23665e-041 -4.22017e+037
1.4013e-045 1.23637e-041 -4.22017e+037 1.4013e-045 1.23651e-041 1.4013e-045 1.23665e-041 -4.22017e+037
1.4013e-045 1.23637e-041 -4.22017e+037 1.4013e-045 1.23651e-041 1.4013e-045 1.23665e-041 -4.22017e+037
1.4013e-045 1.23637e-041 -4.22017e+037 1.4013e-045 1.23651e-041 1.4013e-045 1.23665e-041 -4.22017e+037
1.4013e-045 1.23637e-041 -4.22017e+037 1.4013e-045 1.23651e-041 1.4013e-045 1.23665e-041 -4.22017e+037
1.4013e-045 1.23637e-041 -4.22017e+037 1.4013e-045 1.23651e-041 1.4013e-045 1.23665e-041 -4.22017e+037
1.4013e-045 1.23637e-041 -4.22017e+037 1.4013e-045 1.23651e-041 1.4013e-045 1.23665e-041 -4.22017e+037
1.4013e-045 1.23637e-041 -4.22017e+037 1.4013e-045 1.23651e-041 1.4013e-045 1.23665e-041 -4.22017e+037
1.4013e-045 1.23637e-041 -4.22017e+037 1.4013e-045 1.23651e-041 1.4013e-045 1.23665e-041 -4.22017e+037
1.4013e-045 1.23637e-041 -4.22017e+037 1.4013e-045 1.23651e-041 1.4013e-045 1.23665e-041 -4.22017e+037
1.4013e-045 1.23637e-041 -4.22017e+037 1.4013e-045 1.23651e-041 1.4013e-045 1.23665e-041 -4.22017e+037
1.4013e-045 1.23637e-041 -4.22017e+037 1.4013e-045 1.23651e-041 1.4013e-045 1.23665e-041 -4.22017e+037
1.4013e-045 1.23637e-041 -4.22017e+037 1.4013e-045 1.23651e-041 1.4013e-045 1.23665e-041 -4.22017e+037
1.4013e-045 1.23637e-041 -4.22017e+037 1.4013e-045 1.23651e-041 1.4013e-045 1.23665e-041 -4.22017e+037
1.4013e-045 1.23637e-041 -4.22017e+037 1.4013e-045 1.23651e-041 1.4013e-045 1.23665e-041 -4.22017e+037
1.4013e-045 1.23637e-041 -4.22017e+037 1.4013e-045 1.23651e-041 1.4013e-045 1.23665e-041 -4.22017e+037
1.4013e-045 1.23637e-041 -4.22017e+037 1.4013e-045 1.23651e-041 1.4013e-045 1.23665e-041 -4.22017e+037
1.4013e-045 1.23637e-041 -4.22017e+037 1.4013e-045 1.23651e-041 1.4013e-045 1.23665e-041 -4.22017e+037
1.4013e-045 1.23637e-041 -4.22017e+037 1.4013e-045 1.23651e-041 1.4013e-045 1.23665e-041 -4.22017e+037
1.4013e-045 1.23637e-041 -4.22017e+037 1.4013e-045 1.23651e-041 1.4013e-045 1.23665e-041 -4.22017e+037
1.4013e-045 1.23637e-041 -4.22017e+037 1.4013e-045 1.23651e-041 1.4013e-045 1.23665e-041 -4.22017e+037
1.4013e-045 1.23637e-041 -4.22017e+037 1.4013e-045 1.23651e-041 1.4013e-045 1.23665e-041 -4.22017e+037
1.4013e-045 1.23637e-041 -4.22017e+037 1.4013e-045 1.23651e-041 1.4013e-045 1.23665e-041 -4.22017e+037
1.4013e-045 1.23637e-041 -4.22017e+037 1.4013e-045 1.23651e-041 1.4013e-045 1.23665e-041 -4.22017e+037
1.4013e-045 1.23637e-041 -4.22017e+037 1.4013e-045 1.23651e-041 1.4013e-045 1.23665e-041 -4.22017e+037
1.4013e-045 1.23637e-041 -4.22017e+037 1.4013e-045 1.23651e-041 1.4013e-045 1.23665e-041 -4.22017e+037
1.4013e-045 1.23637e-041 -4.22017e+037 1.4013e-045 1.23651e-041 1.4013e-045 1.23665e-041 -4.22017e+037
1.4013e-045 1.23637e-041 -4.22017e+037 1.4013e-045 1.23651e-041 1.4013e-045 1.23665e-041 -4.22017e+037
1.4013e-045 1.23637e-041 -4.22017e+037 1.4013e-045 1.23651e-041 1.4013e-045 1.23665e-041 -4.22017e+037
1.4013e-045 1.23637e-041 -4.22017e+037 1.4013e-045 1.23651e-041 1.4013e-045 1.23665e-041 -4.22017e+037
1.4013e-045 1.23637e-041 -4.22017e+037 1.4013e-045 1.23651e-041 1.4013e-045 1.23665e-041 -4.22017e+037
1.4013e-045 1.23637e-041 -4.22017e+037 1.4013e-045 1.23651e-041 1.4013e-045 1.23665e-041 -4.22017e+037
1.4013e-045 1.23637e-041 -4.22017e+037 1.4013e-045 1.23651e-041 1.4013e-045 1.23665e-041 -4.22017e+037
1.4013e-045 1.23637e-041 -4.22017e+037 1.4013e-045 1.23651e-041 1.4013e-045 1.23665e-041 -4.22017e+037
1.4013e-045 1.23637e-041 -4.22017e+037 1.4013e-045 1.23651e-041 1.4013e-045 1.23665e-041 -4.22017e+037
1.4013e-045 1.23637e-041 -4.22017e+037 1.4013e-045 1.23651e-041 1.4013e-045 1.23665e-041 -4.22017e+037
1.4013e-045 1.23637e-041 -4.22017e+037 1.4013e-045 1.23651e-041 1.4013e-045 1.23665e-041 -4.22017e+037
1.4013e-045 1.23637e-041 -4.22017e+037 1.4013e-045 1.23651e-041 1.4013e-045 1.23665e-041 -4.22017e+037
1.4013e-045 1.23637e-041 -4.22017e+037 1.4013e-045 1.23651e-041 1.4013e-045 1.23665e-041 -4.22017e+037
1.4013e-045 1.23637e-041 -4.22017e+037 1.4013e-045 1.23651e-041 1.4013e-045 1.23665e-041 -4.22017e+037
1.4013e-045 1.23637e-041 -4.22017e+037 1.4013e-045 1.23651e-041 1.4013e-045 1.23665e-041 -4.22017e+037
1.4013e-045 1.23637e-041 -4.22017e+037 1.4013e-045 1.23651e-041 1.4013e-045 1.23665e-041 -4.22017e+037
1.4013e-045 1.23637e-041 -4.22017e+037 1.4013e-045 1.23651e-041 1.4013e-045 1.23665e-041 -4.22017e+037
1.4013e-045 1.23637e-041 -4.22017e+037 1.4013e-045 1.23651e-041 1.4013e-045 1.23665e-041 -4.22017e+037
1.4013e-045 1.23637e-041 -4.22017e+037 1.4013e-045 1.23651e-041 1.4013e-045 1.23665e-041 -4.22017e+037
1.4013e-045 1.23637e-041 -4.22017e+037 1.4013e-045 1.23651e-041 1.4013e-045 1.23665e-041 -4.22017e+037
1.4013e-045 1.23637e-041 -4.22017e+037 1.4013e-045 1.23651e-041 1.4013e-045 1.23665e-041 -4.22017e+037
1.4013e-045 1.23637e-041 -4.22017e+037 1.4013e-045 1.23651e-041 1.4013e-045 1.23665e-041 -4.22017e+037
1.4013e-045 1.23637e-041 -4.22017e+037 1.4013e-045 1.23651e-041 1.4013e-045 1.23665e-041 -4.22017e+037
1.4013e-045 1.23637e-041 -4.22017e+037 1.4013e-045 1.23651e-041 1.4013e-045 1.23665e-041 -4.22017e+037
1.4013e-045 1.23637e-041 -4.22017e+037 1.4013e-045 1.23651e-041 1.4013e-045 1.23665e-041 -4.22017e+037
1.4013e-045 1.23637e-041 -4.22017e+037 1.4013e-045 1.23651e-041 1.4013e-045 1.23665e-041 -4.22017e+037
1.4013e-045 1.23637e-041 -4.22017e+037 1.4013e-045 1.23651e-041 1.4013e-045 1.23665e-041 -4.22017e+037
1.4013e-045 1.23637e-041 -4.22017e+037 1.4013e-045 1.23651e-041 1.4013e-045 1.23665e-041 -4.22017e+037
1.4013e-045 1.23637e-041 -4.22017e+037 1.4013e-045 1.23651e-041 1.4013e-045 1.23665e-041 -4.22017e+037
1.4013e-045 1.23637e-041 -4.22017e+037 1.4013e-045 1.23651e-041 1.4013e-045 1.23665e-041 -4.22017e+037
1.4013e-045 1.23637e-041 -4.22017e+037 1.4013e-045 1.23651e-041 1.4013e-045 1.23665e-041 -4.22017e+037
1.4013e-045 1.23637e-041 -4.22017e+037 1.4013e-045 1.23651e-041 1.4013e-045 1.23665e-041 -4.22017e+037
1.4013e-045 1.23637e-041 -4.22017e+037 1.4013e-045 1.23651e-041 1.4013e-045 1.23665e-041 -4.22017e+037
1.4013e-045 1.23637e-041 -4.22017e+037 1.4013e-045 1.23651e-041 1.4013e-045 1.23665e-041 -4.22017e+037
1.4013e-045 1.23637e-041 -4.22017e+037 1.4013e-045 1.23651e-041 1.4013e-045 1.23665e-041 -4.22017e+037
1.4013e-045 1.23637e-041 -4.22017e+037 1.4013e-045 1.23651e-041 1.4013e-045 1.23665e-041 -4.22017e+037
1.4013e-045 1.23637e-041 -4.22017e+037 1.4013e-045 1.23651e-041 1.4013e-045 1.23665e-041 -4.22017e+037
1.4013e-045 1.23637e-041 -4.22017e+037 1.4013e-045 1.23651e-041 1.4013e-045 1.23665e-041 -4.22017e+037
1.4013e-045 1.23637e-041 -4.22017e+037 1.4013e-045 1.23651e-041 1.4013e-045 1.23665e-041 -4.22017e+037
1.4013e-045 1.23637e-041 -4.22017e+037 1.4013e-045 1.23651e-041 1.4013e-045 1.23665e-041 -4.22017e+037
1.4013e-045 1.23637e-041 -4.22017e+037 1.4013e-045 1.23651e-041 1.4013e-045 1.23665e-041 -4.22017e+037
1.4013e-045 1.23637e-041 -4.22017e+037 1.4013e-045 1.23651e-041 1.4013e-045 1.23665e-041 -4.22017e+037
1.4013e-045 1.23637e-041 -4.22017e+037 1.4013e-045 1.23651e-041 1.4013e-045 1.23665e-041 -4.22017e+037
1.4013e-045 1.23637e-041 -4.22017e+037 1.4013e-045 1.23651e-041 1.4013e-045 1.23665e-041 -4.22017e+037
1.4013e-045 1.23637e-041 -4.22017e+037 1.4013e-045 1.23651e-041 1.4013e-045 1.23665e-041 -4.22017e+037
1.4013e-045 1.23637e-041 -4.22017e+037 1.4013e-045 1.23651e-041 1.4013e-045 1.23665e-041 -4.22017e+037
1.4013e-045 1.23637e-041 -4.22017e+037 1.4013e-045 1.23651e-041 1.4013e-045 1.23665e-041 -4.22017e+037
1.4013e-045 1.23637e-041 -4.22017e+037 1.4013e-045 1.23651e-041 1.4013e-045 1.23665e-041 -4.22017e+037
1.4013e-045 1.23637e-041 -4.22017e+037 1.4013e-045 1.23651e-041 1.4013e-045 1.23665e-041 -4.22017e+037
1.4013e-045 1.23637e-041 -4.22017e+037 1.4013e-045 1.23651e-041 1.4013e-045 1.23665e-041 -4.22017e+037
1.4013e-045 1.23637e-041 -4.22017e+037 1.4013e-045 1.23651e-041 1.4013e-045 1.23665e-041 -4.22017e+037
1.4013e-045 1.23637e-041 -4.22017e+037 1.4013e-045 1.23651e-041 1.4013e-045 1.23665e-041 -4.22017e+037
1.4013e-045 1.23637e-041 -4.22017e+037 1.4013e-045 1.23651e-041 1.4013e-045 1.23665e-041 -4.22017e+037
1.4013e-045 1.23637e-041 -4.22017e+037 1.4013e-045 1.23651e-041 1.4013e-045 1.23665e-041 -4.22017e+037
1.4013e-045 1.23637e-041 -4.22017e+037 1.4013e-045 1.23651e-041 1.4013e-045 1.23665e-041 -4.22017e+037
1.4013e-045 1.23637e-041 -4.22017e+037 1.4013e-045 1.23651e-041 1.4013e-045 1.23665e-041 -4.22017e+037
1.4013e-045 1.23637e-041 -4.22017e+037 1.4013e-045 1.23651e-041 1.4013e-045 1.23665e-041 -4.22017e+037
1.4013e-045 1.23637e-041 -4.22017e+037 1.4013e-045 1.23651e-041 1.4013e-045 1.23665e-041 -4.22017e+037
1.4013e-045 1.23637e-041 -4.22017e+037 1.4013e-045 1.23651e-041 1.4013e-045 1.23665e-041 -4.22017e+037
1.4013e-045 1.23637e-041 -4.22017e+037 1.4013e-045 1.23651e-041 1.4013e-045 1.23665e-041 -4.22017e+037
1.4013e-045 1.23637e-041 -4.22017e+037 1.4013e-045 1.23651e-041 1.4013e-045 1.23665e-041 -4.22017e+037
1.4013e-045 1.23637e-041 -4.22017e+037 1.4013e-045 1.23651e-041 1.4013e-045 1.23665e-041 -4.22017e+037
1.4013e-045 1.23637e-041 -4.22017e+037 1.4013e-045 1.23651e-041 1.4013e-045 1.23665e-041 -4.22017e+037
1.4013e-045 1.23637e-041 -4.22017e+037 1.4013e-045 1.23651e-041 1.4013e-045 1.23665e-041 -4.22017e+037
1.4013e-045 1.23637e-041 -4.22017e+037 1.4013e-045 1.23651e-041 1.4013e-045 1.23665e-041 -4.22017e+037
1.4013e-045 1.23637e-041 -4.22017e+037 1.4013e-045 1.23651e-041 1.4013e-045 1.23665e-041 -4.22017e+037
1.4013e-045 1.23637e-041 -4.22017e+037 1.4013e-045 1.23651e-041 1.4013e-045 1.23665e-041 -4.22017e+037
1.4013e-045 1.23637e-041 -4.22017e+037 1.4013e-045 1.23651e-041 1.4013e-045 1.23665e-041 -4.22017e+037
1.4013e-045 1.23637e-041 -4.22017e+037 1.4013e-045 1.23651e-041 1.4013e-045 1.23665e-041 -4.22017e+037
1.4013e-045 1.23637e-041 -4.22017e+037 1.4013e-045 1.23651e-041 1.4013e-045 1.23665e-041 -4.22017e+037
1.4013e-045 1.23637e-041 -4.22017e+037 1.4013e-045 1.23651e-041 1.4013e-045 1.23665e-041 -4.22017e+037
1.4013e-045 1.23637e-041 -4.22017e+037 1.4013e-045 1.23651e-041 1.4013e-045 1.23665e-041 -4.22017e+037
1.4013e-045 1.23637e-041 -4.22017e+037 1.4013e-045 1.23651e-041 1.4013e-045 1.23665e-041 -4.22017e+037
1.4013e-045 1.23637e-041 -4.22017e+037 1.4013e-045 1.23651e-041 1.4013e-045 1.23665e-041 -4.22017e+037
1.4013e-045 1.23637e-041 -4.22017e+037 1.4013e-045 1.23651e-041 1.4013e-045 1.23665e-041 -4.22017e+037
1.4013e-045 1.23637e-041 -4.22017e+037 1.4013e-045 1.23651e-041 1.4013e-045 1.23665e-041 -4.22017e+037
1.4013e-045 1.23637e-041 -4.22017e+037 1.4013e-045 1.23651e-041 1.4013e-045 1.23665e-041 -4.22017e+037
1.4013e-045 1.23637e-041 -4.22017e+037 1.4013e-045 1.23651e-041 1.4013e-045 1.23665e-041 -4.22017e+037
1.4013e-045 1.23637e-041 -4.22017e+037 1.4013e-045 1.23651e-041 1.4013e-045 1.23665e-041 -4.22017e+037
1.4013e-045 1.23637e-041 -4.22017e+037 1.4013e-045 1.23651e-041 1.4013e-045 1.23665e-041 -4.22017e+037
1.4013e-045 1.23637e-041 -4.22017e+037 1.4013e-045 1.23651e-041 1.4013e-045 1.23665e-041 -4.22017e+037
1.4013e-045 1.23637e-041 -4.22017e+037 1.4013e-045 1.23651e-041 1.4013e-045 1.23665e-041 -4.22017e+037
1.4013e-045 1.23637e-041 -4.22017e+037 1.4013e-045 1.23651e-041 1.4013e-045 1.23665e-041 -4.22017e+037
1.4013e-045 1.23637e-041 -4.22017e+037 1.4013e-045 1.23651e-041 1.4013e-045 1.23665e-041 -4.22017e+037
1.4013e-045 1.23637e-041 -4.22017e+037 1.4013e-045 1.23651e-041 1.4013e-045 1.23665e-041 -4.22017e+037
1.4013e-045 1.23637e-041 -4.22017e+037 1.4013e-045 1.23651e-041 1.4013e-045 1.23665e-041 -4.22017e+037
1.4013e-045 1.23637e-041 -4.22017e+037 1.4013e-045 1.23651e-041 1.4013e-045 1.23665e-041 -4.22017e+037
1.4013e-045 1.23637e-041 -4.22017e+037 1.4013e-045 1.23651e-041 1.4013e-045 1.23665e-041 -4.22017e+037
1.4013e-045 1.23637e-041 -4.22017e+037 1.4013e-045 1.23651e-041 1.4013e-045 1.23665e-041 -4.22017e+037
1.4013e-045 1.23637e-041 -4.22017e+037 1.4013e-045 1.23651e-041 1.4013e-045 1.23665e-041 -4.22017e+037
1.4013e-045 1.23637e-041 -4.22017e+037 1.4013e-045 1.23651e-041 1.4013e-045 1.23665e-041 -4.22017e+037
1.4013e-045 1.23637e-041 -4.22017e+037 1.4013e-045 1.23651e-041 1.4013e-045 1.23665e-041 -4.22017e+037
1.4013e-045 1.23637e-041 -4.22017e+037 1.4013e-045 1.23651e-041 1.4013e-045 1.23665e-041 -4.22017e+037
1.4013e-045 1.23637e-041 -4.22017e+037 1.4013e-045 1.23651e-041 1.4013e-045 1.23665e-041 -4.22017e+037
1.4013e-045 1.23637e-041 -4.22017e+037 1.4013e-045 1.23651e-041 1.4013e-045 1.23665e-041 -4.22017e+037
1.4013e-045 1.23637e-041 -4.22017e+037 1.4013e-045 1.23651e-041 1.4013e-045 1.23665e-041 -4.22017e+037
1.4013e-045 1.23637e-041 -4.22017e+037 1.4013e-045 1.23651e-041 1.4013e-045 1.23665e-041 -4.22017e+037
1.4013e-045 1.23637e-041 -4.22017e+037 1.4013e-045 1.23651e-041 1.4013e-045 1.23665e-041 -4.22017e+037
1.4013e-045 1.23637e-041 -4.22017e+037 1.4013e-045 1.23651e-041 1.4013e-045 1.23665e-041 -4.22017e+037
1.4013e-045 1.23637e-041 -4.22017e+037 1.4013e-045 1.23651e-041 1.4013e-045 1.23665e-041 -4.22017e+037
1.4013e-045 1.23637e-041 -4.22017e+037 1.4013e-045 1.23651e-041 1.4013e-045 1.23665e-041 -4.22017e+037
1.4013e-045 1.23637e-041 -4.22017e+037 1.4013e-045 1.23651e-041 1.4013e-045 1.23665e-041 -4.22017e+037
1.4013e-045 1.23637e-041 -4.22017e+037 1.4013e-045 1.23651e-041 1.4013e-045 1.23665e-041 -4.22017e+037
1.4013e-045 1.23637e-041 -4.22017e+037 1.4013e-045 1.23651e-041 1.4013e-045 1.23665e-041 -4.22017e+037
1.4013e-045 1.23637e-041 -4.22017e+037 1.4013e-045 1.23651e-041 1.4013e-045 1.23665e-041 -4.22017e+037
1.4013e-045 1.23637e-041 -4.22017e+037 1.4013e-045 1.23651e-041 1.4013e-045 1.23665e-041 -4.22017e+037
1.4013e-045 1.23637e-041 -4.22017e+037 1.4013e-045 1.23651e-041 1.4013e-045 1.23665e-041 -4.22017e+037
1.4013e-045 1.23637e-041 -4.22017e+037 1.4013e-045 1.23651e-041 1.4013e-045 1.23665e-041 -4.22017e+037
1.4013e-045 1.23637e-041 -4.22017e+037 1.4013e-045 1.23651e-041 1.4013e-045 1.23665e-041 -4.22017e+037
1.4013e-045 1.23637e-041 -4.22017e+037 1.4013e-045 1.23651e-041 1.4013e-045 1.23665e-041 -4.22017e+037
1.4013e-045 1.23637e-041 -4.22017e+037 1.4013e-045 1.23651e-041 1.4013e-045 1.23665e-041 -4.22017e+037
1.4013e-045 1.23637e-041 -4.22017e+037 1.4013e-045 1.23651e-041 1.4013e-045 1.23665e-041 -4.22017e+037
1.4013e-045 1.23637e-041 -4.22017e+037 1.4013e-045 1.23651e-041 1.4013e-045 1.23665e-041 -4.22017e+037
1.4013e-045 1.23637e-041 -4.22017e+037 1.4013e-045 1.23651e-041 1.4013e-045 1.23665e-041 -4.22017e+037
1.4013e-045 1.23637e-041 -4.22017e+037 1.4013e-045 1.23651e-041 1.4013e-045 1.23665e-041 -4.22017e+037
1.4013e-045 1.23637e-041 -4.22017e+037 1.4013e-045 1.23651e-041 1.4013e-045 1.23665e-041 -4.22017e+037
1.4013e-045 1.23637e-041 -4.22017e+037 1.4013e-045 1.23651e-041 1.4013e-045 1.23665e-041 -4.22017e+037
1.4013e-045 1.23637e-041 -4.22017e+037 1.4013e-045 1.23651e-041 1.4013e-045 1.23665e-041 -4.22017e+037
1.4013e-045 1.23637e-041 -4.22017e+037 1.4013e-045 1.23651e-041 1.4013e-045 1.23665e-041 -4.22017e+037
1.4013e-045 1.23637e-041 -4.22017e+037 1.4013e-045 1.23651e-041 1.4013e-045 1.23665e-041 -4.22017e+037
1.4013e-045 1.23637e-041 -4.22017e+037 1.4013e-045 1.23651e-041 1.4013e-045 1.23665e-041 -4.22017e+037
1.4013e-045 1.23637e-041 -4.22017e+037 1.4013e-045 1.23651e-041 1.4013e-045 1.23665e-041 -4.22017e+037
1.4013e-045 1.23637e-041 -4.22017e+037 1.4013e-045 1.23651e-041 1.4013e-045 1.23665e-041 -4.22017e+037
1.4013e-045 1.23637e-041 -4.22017e+037 1.4013e-045 1.23651e-041 1.4013e-045 1.23665e-041 -4.22017e+037
1.4013e-045 1.23637e-041 -4.22017e+037 1.4013e-045 1.23651e-041 1.4013e-045 1.23665e-041 -4.22017e+037
1.4013e-045 1.23637e-041 -4.22017e+037 1.4013e-045 1.23651e-041 1.4013e-045 1.23665e-041 -4.22017e+037
1.4013e-045 1.23637e-041 -4.22017e+037 1.4013e-045 1.23651e-041 1.4013e-045 1.23665e-041 -4.22017e+037
1.4013e-045 1.23637e-041 -4.22017e+037 1.4013e-045 1.23651e-041 1.4013e-045 1.23665e-041 -4.22017e+037
1.4013e-045 1.23637e-041 -4.22017e+037 1.4013e-045 1.23651e-041 1.4013e-045 1.23665e-041 -4.22017e+037
1.4013e-045 1.23637e-041 -4.22017e+037 1.4013e-045 1.23651e-041 1.4013e-045 1.23665e-041 -4.22017e+037
1.4013e-045 1.23637e-041 -4.22017e+037 1.4013e-045 1.23651e-041 1.4013e-045 1.23665e-041 -4.22017e+037
1.4013e-045 1.23637e-041 -4.22017e+037 1.4013e-045 1.23651e-041 1.4013e-045 1.23665e-041 -4.22017e+037
1.4013e-045 1.23637e-041 -4.22017e+037 1.4013e-045 1.23651e-041 1.4013e-045 1.23665e-041 -4.22017e+037
1.4013e-045 1.23637e-041 -4.22017e+037 1.4013e-045 1.23651e-041 1.4013e-045 1.23665e-041 -4.22017e+037
1.4013e-045 1.23637e-041 -4.22017e+037 1.4013e-045 1.23651e-041 1.4013e-045 1.23665e-041 -4.22017e+037
1.4013e-045 1.23637e-041 -4.22017e+037 1.4013e-045 1.23651e-041 1.4013e-045 1.23665e-041 -4.22017e+037
1.4013e-045 1.23637e-041 -4.22017e+037 1.4013e-045 1.23651e-041 1.4013e-045 1.23665e-041 -4.22017e+037
1.4013e-045 1.23637e-041 -4.22017e+037 1.4013e-045 1.23651e-041 1.4013e-045 1.23665e-041 -4.22017e+037
1.4013e-045 1.23637e-041 -4.22017e+037 1.4013e-045 1.23651e-041 1.4013e-045 1.23665e-041 -4.22017e+037
1.4013e-045 1.23637e-041 -4.22017e+037 1.4013e-045 1.23651e-041 1.4013e-045 1.23665e-041 -4.22017e+037
1.4013e-045 1.23637e-041 -4.22017e+037 1.4013e-045 1.23651e-041 1.4013e-045 1.23665e-041 -4.22017e+037
1.4013e-045 1.23637e-041 -4.22017e+037 1.4013e-045 1.23651e-041 1.4013e-045 1.23665e-041 -4.22017e+037
1.4013e-045 1.23637e-041 -4.22017e+037 1.4013e-045 1.23651e-041 1.4013e-045 1.23665e-041 -4.22017e+037
1.4013e-045 1.23637e-041 -4.22017e+037 1.4013e-045 1.23651e-041 1.4013e-045 1.23665e-041 -4.22017e+037
1.4013e-045 1.23637e-041 -4.22017e+037 1.4013e-045 1.23651e-041 1.4013e-045 1.23665e-041 -4.22017e+037
1.4013e-045 1.23637e-041 -4.22017e+037 1.4013e-045 1.23651e-041 1.4013e-045 1.23665e-041 -4.22017e+037
1.4013e-045 1.23637e-041 -4.22017e+037 1.4013e-045 1.23651e-041 1.4013e-045 1.23665e-041 -4.22017e+037
1.4013e-045 1.23637e-041 -4.22017e+037 1.4013e-045 1.23651e-041 1.4013e-045 1.23665e-041 -4.22017e+037
1.4013e-045 1.23637e-041 -4.22017e+037 1.4013e-045 1.23651e-041 1.4013e-045 1.23665e-041 -4.22017e+037
1.4013e-045 1.23637e-041 -4.22017e+037 1.4013e-045 1.23651e-041 1.4013e-045 1.23665e-041 -4.22017e+037
1.4013e-045 1.23637e-041 -4.22017e+037 1.4013e-045 1.23651e-041 1.4013e-045 1.23665e-041 -4.22017e+037
1.4013e-045 1.23637e-041 -4.22017e+037 1.4013e-045 1.23651e-041 1.4013e-045 1.23665e-041 -4.22017e+037
1.4013e-045 1.23637e-041 -4.22017e+037 1.4013e-045 1.23651e-041 1.4013e-045 1.23665e-041 -4.22017e+037
1.4013e-045 1.23637e-041 -4.22017e+037 1.4013e-045 1.23651e-041 1.4013e-045 1.23665e-041 -4.22017e+037
1.4013e-045 1.23637e-041 -4.22017e+037 1.4013e-045 1.23651e-041 1.4013e-045 1.23665e-041 -4.22017e+037
1.4013e-045 1.23637e-041 -4.22017e+037 1.4013e-045 1.23651e-041 1.4013e-045 1.23665e-041 -4.22017e+037
1.4013e-045 1.23637e-041 -4.22017e+037 1.4013e-045 1.23651e-041 1.4013e-045 1.23665e-041 -4.22017e+037
1.4013e-045 1.23637e-041 -4.22017e+037 1.4013e-045 1.23651e-041 1.4013e-045 1.23665e-041 -4.22017e+037
1.4013e-045 1.23637e-041 -4.22017e+037 1.4013e-045 1.23651e-041 1.4013e-045 1.23665e-041 -4.22017e+037
1.4013e-045 1.23637e-041 -4.22017e+037 1.4013e-045 1.23651e-041 1.4013e-045 1.23665e-041 -4.22017e+037
1.4013e-045 1.23637e-041 -4.22017e+037 1.4013e-045 1.23651e-041 1.4013e-045 1.23665e-041 -4.22017e+037
1.4013e-045 1.23637e-041 -4.22017e+037 1.4013e-045 1.23651e-041 1.4013e-045 1.23665e-041 -4.22017e+037
1.4013e-045 1.23637e-041 -4.22017e+037 1.4013e-045 1.23651e-041 1.4013e-045 1.23665e-041 -4.22017e+037
1.4013e-045 1.23637e-041 -4.22017e+037 1.4013e-045 1.23651e-041 1.4013e-045 1.23665e-041 -4.22017e+037
1.4013e-045 1.23637e-041 -4.22017e+037 1.4013e-045 1.23651e-041 1.4013e-045 1.23665e-041 -4.22017e+037
1.4013e-045 1.23637e-041 -4.22017e+037 1.4013e-045 1.23651e-041 1.4013e-045 1.23665e-041 -4.22017e+037
1.4013e-045 1.23637e-041 -4.22017e+037 1.4013e-045 1.23651e-041 1.4013e-045 1.23665e-041 -4.22017e+037
1.4013e-045 1.23637e-041 -4.22017e+037 1.4013e-045 1.23651e-041 1.4013e-045 1.23665e-041 -4.22017e+037
1.4013e-045 1.23637e-041 -4.22017e+037 1.4013e-045 1.23651e-041 1.4013e-045 1.23665e-041 -4.22017e+037
1.4013e-045 1.23637e-041 -4.22017e+037 1.4013e-045 1.23651e-041 1.4013e-045 1.23665e-041 -4.22017e+037
1.4013e-045 1.23637e-041 -4.22017e+037 1.4013e-045 1.23651e-041 1.4013e-045 1.23665e-041 -4.22017e+037
1.4013e-045 1.23637e-041 -4.22017e+037 1.4013e-045 1.23651e-041 1.4013e-045 1.23665e-041 -4.22017e+037
1.4013e-045 1.23637e-041 -4.22017e+037 1.4013e-045 1.23651e-041 1.4013e-045 1.23665e-041 -4.22017e+037
1.4013e-045 1.23637e-041 -4.22017e+037 1.4013e-045 1.23651e-041 1.4013e-045 1.23665e-041 -4.22017e+037
1.4013e-045 1.23637e-041 -4.22017e+037 1.4013e-045 1.23651e-041 1.4013e-045 1.23665e-041 -4.22017e+037
1.4013e-045 1.23637e-041 -4.22017e+037 1.4013e-045 1.23651e-041 1.4013e-045 1.23665e-041 -4.22017e+037
1.4013e-045 1.23637e-041 -4.22017e+037 1.4013e-045 1.23651e-041 1.4013e-045 1.23665e-041 -4.22017e+037
1.4013e-045 1.23637e-041 -4.22017e+037 1.4013e-045 1.23651e-041 1.4013e-045 1.23665e-041 -4.22017e+037
1.4013e-045 1.23637e-041 -4.22017e+037 1.4013e-045 1.23651e-041 1.4013e-045 1.23665e-041 -4.22017e+037
1.4013e-045 1.23637e-041 -4.22017e+037 1.4013e-045 1.23651e-041 1.4013e-045 1.23665e-041 -4.22017e+037
1.4013e-045 1.23637e-041 -4.22017e+037 1.4013e-045 1.23651e-041 1.4013e-045 1.23665e-041 -4.22017e+037
1.4013e-045 1.23637e-041 -4.22017e+037 1.4013e-045 1.23651e-041 1.4013e-045 1.23665e-041 -4.22017e+037
1.4013e-045 1.23637e-041 -4.22017e+037 1.4013e-045 1.23651e-041 1.4013e-045 1.23665e-041 -4.22017e+037
1.4013e-045 1.23637e-041 -4.22017e+037 1.4013e-045 1.23651e-041 1.4013e-045 1.23665e-041 -4.22017e+037
1.4013e-045 1.23637e-041 -4.22017e+037 1.4013e-045 1.23651e-041 1.4013e-045 1.23665e-041 -4.22017e+037
1.4013e-045 1.23637e-041 -4.22017e+037 1.4013e-045 1.23651e-041 1.4013e-045 1.23665e-041 -4.22017e+037
1.4013e-045 1.23637e-041 -4.22017e+037 1.4013e-045 1.23651e-041 1.4013e-045 1.23665e-041 -4.22017e+037
1.4013e-045 1.23637e-041 -4.22017e+037 1.4013e-045 1.23651e-041 1.4013e-045 1.23665e-041 -4.22017e+037
1.4013e-045 1.23637e-041 -4.22017e+037 1.4013e-045 1.23651e-041 1.4013e-045 1.23665e-041 -4.22017e+037
1.4013e-045 1.23637e-041 -4.22017e+037 1.4013e-045 1.23651e-041 1.4013e-045 1.23665e-041 -4.22017e+037
1.4013e-045 1.23637e-041 -4.22017e+037 1.4013e-045 1.23651e-041 1.4013e-045 1.23665e-041 -4.22017e+037
1.4013e-045 1.23637e-041 -4.22017e+037 1.4013e-045 1.23651e-041 1.4013e-045 1.23665e-041 -4.22017e+037
1.4013e-045 1.23637e-041 -4.22017e+037 1.4013e-045 1.23651e-041 1.4013e-045 1.23665e-041 -4.22017e+037
1.4013e-045 1.23637e-041 -4.22017e+037 1.4013e-045 1.23651e-041 1.4013e-045 1.23665e-041 -4.22017e+037
1.4013e-045 1.23637e-041 -4.22017e+037 1.4013e-045 1.23651e-041 1.4013e-045 1.23665e-041 -4.22017e+037
1.4013e-045 1.23637e-041 -4.22017e+037 1.4013e-045 1.23651e-041 1.4013e-045 1.23665e-041 -4.22017e+037
1.4013e-045 1.23637e-041 -4.22017e+037 1.4013e-045 1.23651e-041 1.4013e-045 1.23665e-041 -4.22017e+037
1.4013e-045 1.23637e-041 -4.22017e+037 1.4013e-045 1.23651e-041 1.4013e-045 1.23665e-041 -4.22017e+037
1.4013e-045 1.23637e-041 -4.22017e+037 1.4013e-045 1.23651e-041 1.4013e-045 1.23665e-041 -4.22017e+037
1.4013e-045 1.23637e-041 -4.22017e+037 1.4013e-045 1.23651e-041 1.4013e-045 1.23665e-041 -4.22017e+037
1.4013e-045 1.23637e-041 -4.22017e+037 1.4013e-045 1.23651e-041 1.4013e-045 1.23665e-041 -4.22017e+037
1.4013e-045 1.23637e-041 -4.22017e+037 1.4013e-045 1.23651e-041 1.4013e-045 1.23665e-041 -4.22017e+037
1.4013e-045 1.23637e-041 -4.22017e+037 1.4013e-045 1.23651e-041 1.4013e-045 1.23665e-041 -4.22017e+037
1.4013e-045 1.23637e-041 -4.22017e+037 1.4013e-045 1.23651e-041 1.4013e-045 1.23665e-041 -4.22017e+037
1.4013e-045 1.23637e-041 -4.22017e+037 1.4013e-045 1.23651e-041 1.4013e-045 1.23665e-041 -4.22017e+037
1.4013e-045 1.23637e-041 -4.22017e+037 1.4013e-045 1.23651e-041 1.4013e-045 1.23665e-041 -4.22017e+037
1.4013e-045 1.23637e-041 -4.22017e+037 1.4013e-045 1.23651e-041 1.4013e-045 1.23665e-041 -4.22017e+037
1.4013e-045 1.23637e-041 -4.22017e+037 1.4013e-045 1.23651e-041 1.4013e-045 1.23665e-041 -4.22017e+037
1.4013e-045 1.23637e-041 -4.22017e+037 1.4013e-045 1.23651e-041 1.4013e-045 1.23665e-041 -4.22017e+037
1.4013e-045 1.23637e-041 -4.22017e+037 1.4013e-045 1.23651e-041 1.4013e-045 1.23665e-041 -4.22017e+037
1.4013e-045 1.23637e-041 -4.22017e+037 1.4013e-045 1.23651e-041 1.4013e-045 1.23665e-041 -4.22017e+037
1.4013e-045 1.23637e-041 -4.22017e+037 1.4013e-045 1.23651e-041 1.4013e-045 1.23665e-041 -4.22017e+037
1.4013e-045 1.23637e-041 -4.22017e+037 1.4013e-045 1.23651e-041 1.4013e-045 1.23665e-041 -4.22017e+037
1.4013e-045 1.23637e-041 -4.22017e+037 1.4013e-045 1.23651e-041 1.4013e-045 1.23665e-041 -4.22017e+037
1.4013e-045 1.23637e-041 -4.22017e+037 1.4013e-045 1.23651e-041 1.4013e-045 1.23665e-041 -4.22017e+037
1.4013e-045 1.23637e-041 -4.22017e+037 1.4013e-045 1.23651e-041 1.4013e-045 1.23665e-041 -4.22017e+037
1.4013e-045 1.23637e-041 -4.22017e+037 1.4013e-045 1.23651e-041 1.4013e-045 1.23665e-041 -4.22017e+037
1.4013e-045 1.23637e-041 -4.22017e+037 1.4013e-045 1.23651e-041 1.4013e-045 1.23665e-041 -4.22017e+037
1.4013e-045 1.23637e-041 -4.22017e+037 1.4013e-045 1.23651e-041 1.4013e-045 1.23665e-041 -4.22017e+037
1.4013e-045 1.23637e-041 -4.22017e+037 1.4013e-045 1.23651e-041 1.4013e-045 1.23665e-041 -4.22017e+037
1.4013e-045 1.23637e-041 -4.22017e+037 1.4013e-045 1.23651e-041 1.4013e-045 1.23665e-041 -4.22017e+037
1.4013e-045 1.23637e-041 -4.22017e+037 1.4013e-045 1.23651e-041 1.4013e-045 1.23665e-041 -4.22017e+037
1.4013e-045 1.23637e-041 -4.22017e+037 1.4013e-045 1.23651e-041 1.4013e-045 1.23665e-041 -4.22017e+037
1.4013e-045 1.23637e-041 -4.22017e+037 1.4013e-045 1.23651e-041 1.4013e-045 1.23665e-041 -4.22017e+037
1.4013e-045 1.23637e-041 -4.22017e+037 1.4013e-045 1.23651e-041 1.4013e-045 1.23665e-041 -4.22017e+037
1.4013e-045 1.23637e-041 -4.22017e+037 1.4013e-045 1.23651e-041 1.4013e-045 1.23665e-041 -4.22017e+037
1.4013e-045 1.23637e-041 -4.22017e+037 1.4013e-045 1.23651e-041 1.4013e-045 1.23665e-041 -4.22017e+037
1.4013e-045 1.23637e-041 -4.22017e+037 1.4013e-045 1.23651e-041 1.4013e-045 1.23665e-041 -4.22017e+037
1.4013e-045 1.23637e-041 -4.22017e+037 1.4013e-045 1.23651e-041 1.4013e-045 1.23665e-041 -4.22017e+037
1.4013e-045 1.23637e-041 -4.22017e+037 1.4013e-045 1.23651e-041 1.4013e-045 1.23665e-041 -4.22017e+037
1.4013e-045 1.23637e-041 -4.22017e+037 1.4013e-045 1.23651e-041 1.4013e-045 1.23665e-041 -4.22017e+037
1.4013e-045 1.23637e-041 -4.22017e+037 1.4013e-045 1.23651e-041 1.4013e-045 1.23665e-041 -4.22017e+037
1.4013e-045 1.23637e-041 -4.22017e+037 1.4013e-045 1.23651e-041 1.4013e-045 1.23665e-041 -4.22017e+037
1.4013e-045 1.23637e-041 -4.22017e+037 1.4013e-045 1.23651e-041 1.4013e-045 1.23665e-041 -4.22017e+037
1.4013e-045 1.23637e-041 -4.22017e+037 1.4013e-045 1.23651e-041 1.4013e-045 1.23665e-041 -4.22017e+037
1.4013e-045 1.23637e-041 -4.22017e+037 1.4013e-045 1.23651e-041 1.4013e-045 1.23665e-041 -4.22017e+037
1.4013e-045 1.23637e-041 -4.22017e+037 1.4013e-045 1.23651e-041 1.4013e-045 1.23665e-041 -4.22017e+037
1.4013e-045 1.23637e-041 -4.22017e+037 1.4013e-045 1.23651e-041 1.4013e-045 1.23665e-041 -4.22017e+037
1.4013e-045 1.23637e-041 -4.22017e+037 1.4013e-045 1.23651e-041 1.4013e-045 1.23665e-041 -4.22017e+037
1.4013e-045 1.23637e-041 -4.22017e+037 1.4013e-045 1.23651e-041 1.4013e-045 1.23665e-041 -4.22017e+037
1.4013e-045 1.23637e-041 -4.22017e+037 1.4013e-045 1.23651e-041 1.4013e-045 1.23665e-041 -4.22017e+037
1.4013e-045 1.23637e-041 -4.22017e+037 1.4013e-045 1.23651e-041 1.4013e-045 1.23665e-041 -4.22017e+037
1.4013e-045 1.23637e-041 -4.22017e+037 1.4013e-045 1.23651e-041 1.4013e-045 1.23665e-041 -4.22017e+037
1.4013e-045 1.23637e-041 -4.22017e+037 1.4013e-045 1.23651e-041 1.4013e-045 1.23665e-041 -4.22017e+037
1.4013e-045 1.23637e-041 -4.22017e+037 1.4013e-045 1.23651e-041 1.4013e-045 1.23665e-041 -4.22017e+037
1.4013e-045 1.23637e-041 -4.22017e+037 1.4013e-045 1.23651e-041 1.4013e-045 1.23665e-041 -4.22017e+037
1.4013e-045 1.23637e-041 -4.22017e+037 1.4013e-045 1.23651e-041 1.4013e-045 1.23665e-041 -4.22017e+037
1.4013e-045 1.23637e-041 -4.22017e+037 1.4013e-045 1.23651e-041 1.4013e-045 1.23665e-041 -4.22017e+037
1.4013e-045 1.23637e-041 -4.22017e+037 1.4013e-045 1.23651e-041 1.4013e-045 1.23665e-041 -4.22017e+037
1.4013e-045 1.23637e-041 -4.22017e+037 1.4013e-045 1.23651e-041 1.4013e-045 1.23665e-041 -4.22017e+037
1.4013e-045 1.23637e-041 -4.22017e+037 1.4013e-045 1.23651e-041 1.4013e-045 1.23665e-041 -4.22017e+037
1.4013e-045 1.23637e-041 -4.22017e+037 1.4013e-045 1.23651e-041 1.4013e-045 1.23665e-041 -4.22017e+037
1.4013e-045 1.23637e-041 -4.22017e+037 1.4013e-045 1.23651e-041 1.4013e-045 1.23665e-041 -4.22017e+037
1.4013e-045 1.23637e-041 -4.22017e+037 1.4013e-045 1.23651e-041 1.4013e-045 1.23665e-041 -4.22017e+037
1.4013e-045 1.23637e-041 -4.22017e+037 1.4013e-045 1.23651e-041 1.4013e-045 1.23665e-041 -4.22017e+037
1.4013e-045 1.23637e-041 -4.22017e+037 1.4013e-045 1.23651e-041 1.4013e-045 1.23665e-041 -4.22017e+037
1.4013e-045 1.23637e-041 -4.22017e+037 1.4013e-045 1.23651e-041 1.4013e-045 1.23665e-041 -4.22017e+037
1.4013e-045 1.23637e-041 -4.22017e+037 1.4013e-045 1.23651e-041 1.4013e-045 1.23665e-041 -4.22017e+037
1.4013e-045 1.23637e-041 -4.22017e+037 1.4013e-045 1.23651e-041 1.4013e-045 1.23665e-041 -4.22017e+037
1.4013e-045 1.23637e-041 -4.22017e+037 1.4013e-045 1.23651e-041 1.4013e-045 1.23665e-041 -4.22017e+037
1.4013e-045 1.23637e-041 -4.22017e+037 1.4013e-045 1.23651e-041 1.4013e-045 1.23665e-041 -4.22017e+037
1.4013e-045 1.23637e-041 -4.22017e+037 1.4013e-045 1.23651e-041 1.4013e-045 1.23665e-041 -4.22017e+037
1.4013e-045 1.23637e-041 -4.22017e+037 1.4013e-045 1.23651e-041 1.4013e-045 1.23665e-041 -4.22017e+037
1.4013e-045 1.23637e-041 -4.22017e+037 1.4013e-045 1.23651e-041 1.4013e-045 1.23665e-041 -4.22017e+037
1.4013e-045 1.23637e-041 -4.22017e+037 1.4013e-045 1.23651e-041 1.4013e-045 1.23665e-041 -4.22017e+037
1.4013e-045 1.23637e-041 -4.22017e+037 1.4013e-045 1.23651e-041 1.4013e-045 1.23665e-041 -4.22017e+037
1.4013e-045 1.23637e-041 -4.22017e+037 1.4013e-045 1.23651e-041 1.4013e-045 1.23665e-041 -4.22017e+037
1.4013e-045 1.23637e-041 -4.22017e+037 1.4013e-045 1.23651e-041 1.4013e-045 1.23665e-041 -4.22017e+037
1.4013e-045 1.23637e-041 -4.22017e+037 1.4013e-045 1.23651e-041 1.4013e-045 1.23665e-041 -4.22017e+037
1.4013e-045 1.23637e-041 -4.22017e+037 1.4013e-045 1.23651e-041 1.4013e-045 1.23665e-041 -4.22017e+037
1.4013e-045 1.23637e-041 -4.22017e+037 1.4013e-045 1.23651e-041 1.4013e-045 1.23665e-041 -4.22017e+037
1.4013e-045 1.23637e-041 -4.22017e+037 1.4013e-045 1.23651e-041 1.4013e-045 1.23665e-041 -4.22017e+037
1.4013e-045 1.23637e-041 -4.22017e+037 1.4013e-045 1.23651e-041 1.4013e-045 1.23665e-041 -4.22017e+037
1.4013e-045 1.23637e-041 -4.22017e+037 1.4013e-045 1.23651e-041 1.4013e-045 1.23665e-041 -4.22017e+037
1.4013e-045 1.23637e-041 -4.22017e+037 1.4013e-045 1.23651e-041 1.4013e-045 1.23665e-041 -4.22017e+037
1.4013e-045 1.23637e-041 -4.22017e+037 1.4013e-045 1.23651e-041 1.4013e-045 1.23665e-041 -4.22017e+037
1.4013e-045 1.23637e-041 -4.22017e+037 1.4013e-045 1.23651e-041 1.4013e-045 1.23665e-041 -4.22017e+037
1.4013e-045 1.23637e-041 -4.22017e+037 1.4013e-045 1.23651e-041 1.4013e-045 1.23665e-041 -4.22017e+037
1.4013e-045 1.23637e-041 -4.22017e+037 1.4013e-045 1.23651e-041 1.4013e-045 1.23665e-041 -4.22017e+037
1.4013e-045 1.23637e-041 -4.22017e+037 1.4013e-045 1.23651e-041 1.4013e-045 1.23665e-041 -4.22017e+037
1.4013e-045 1.23637e-041 -4.22017e+037 1.4013e-045 1.23651e-041 1.4013e-045 1.23665e-041 -4.22017e+037
1.4013e-045 1.23637e-041 -4.22017e+037 1.4013e-045 1.23651e-041 1.4013e-045 1.23665e-041 -4.22017e+037
1.4013e-045 1.23637e-041 -4.22017e+037 1.4013e-045 1.23651e-041 1.4013e-045 1.23665e-041 -4.22017e+037
1.4013e-045 1.23637e-041 -4.22017e+037 1.4013e-045 1.23651e-041 1.4013e-045 1.23665e-041 -4.22017e+037
1.4013e-045 1.23637e-041 -4.22017e+037 1.4013e-045 1.23651e-041 1.4013e-045 1.23665e-041 -4.22017e+037
