Vertex Count: 276

Data:

1.9416 4.8 1.4107 0.85 0 0.809 0 0.5878
1.9416 3.2 1.4107 0.85 1 0.809 0 0.5878
2.4 3.2 0 0.75 1 1 0 0
2.4 3.2 0 0.75 1 1 0 0
2.4 4.8 0 0.75 0 1 0 0
1.9416 4.8 1.4107 0.85 0 0.809 0 0.5878
0.7416 4.8 2.2825 0.95 0 0.309 0 0.9511
0.7416 3.2 2.2825 0.95 1 0.309 0 0.9511
1.9416 3.2 1.4107 0.85 1 0.809 0 0.5878
1.9416 3.2 1.4107 0.85 1 0.809 0 0.5878
1.9416 4.8 1.4107 0.85 0 0.809 0 0.5878
0.7416 4.8 2.2825 0.95 0 0.309 0 0.9511
-0.7416 4.8 2.2825 1.05 0 -0.309 0 0.9511
-0.7416 3.2 2.2825 1.05 1 -0.309 0 0.9511
0.7416 3.2 2.2825 0.95 1 0.309 0 0.9511
0.7416 3.2 2.2825 0.95 1 0.309 0 0.9511
0.7416 4.8 2.2825 0.95 0 0.309 0 0.9511
-0.7416 4.8 2.2825 1.05 0 -0.309 0 0.9511
-1.9416 4.8 1.4107 0.15 0 -0.809 0 0.5878
-1.9416 3.2 1.4107 0.15 1 -0.809 0 0.5878
-0.7416 3.2 2.2825 0.05 1 -0.309 0 0.9511
-0.7416 3.2 2.2825 0.05 1 -0.309 0 0.9511
-0.7416 4.8 2.2825 0.05 0 -0.309 0 0.9511
-1.9416 4.8 1.4107 0.15 0 -0.809 0 0.5878
-2.4 4.8 -0 0.25 0 -1 0 -0
-2.4 3.2 -0 0.25 1 -1 0 -0
-1.9416 3.2 1.4107 0.15 1 -0.809 0 0.5878
-1.9416 3.2 1.4107 0.15 1 -0.809 0 0.5878
-1.9416 4.8 1.4107 0.15 0 -0.809 0 0.5878
-2.4 4.8 -0 0.25 0 -1 0 -0
-1.9416 4.8 -1.4107 0.35 0 -0.809 0 -0.5878
-1.9416 3.2 -1.4107 0.35 1 -0.809 0 -0.5878
-2.4 3.2 -0 0.25 1 -1 0 -0
-2.4 3.2 -0 0.25 1 -1 0 -0
-2.4 4.8 -0 0.25 0 -1 0 -0
-1.9416 4.8 -1.4107 0.35 0 -0.809 0 -0.5878
-0.7416 4.8 -2.2825 0.45 0 -0.309 0 -0.9511
-0.7416 3.2 -2.2825 0.45 1 -0.309 0 -0.9511
-1.9416 3.2 -1.4107 0.35 1 -0.809 0 -0.5878
-1.9416 3.2 -1.4107 0.35 1 -0.809 0 -0.5878
-1.9416 4.8 -1.4107 0.35 0 -0.809 0 -0.5878
-0.7416 4.8 -2.2825 0.45 0 -0.309 0 -0.9511
0.7416 4.8 -2.2825 0.55 0 0.309 0 -0.9511
0.7416 3.2 -2.2825 0.55 1 0.309 0 -0.9511
-0.7416 3.2 -2.2825 0.45 1 -0.309 0 -0.9511
-0.7416 3.2 -2.2825 0.45 1 -0.309 0 -0.9511
-0.7416 4.8 -2.2825 0.45 0 -0.309 0 -0.9511
0.7416 4.8 -2.2825 0.55 0 0.309 0 -0.9511
1.9416 4.8 -1.4107 0.65 0 0.809 0 -0.5878
1.9416 3.2 -1.4107 0.65 1 0.809 0 -0.5878
0.7416 3.2 -2.2825 0.55 1 0.309 0 -0.9511
0.7416 3.2 -2.2825 0.55 1 0.309 0 -0.9511
0.7416 4.8 -2.2825 0.55 0 0.309 0 -0.9511
1.9416 4.8 -1.4107 0.65 0 0.809 0 -0.5878
2.4 4.8 0 0.75 0 1 0 0
2.4 3.2 0 0.75 1 1 0 0
1.9416 3.2 -1.4107 0.65 1 0.809 0 -0.5878
1.9416 3.2 -1.4107 0.65 1 0.809 0 -0.5878
1.9416 4.8 -1.4107 0.65 0 0.809 0 -0.5878
2.4 4.8 0 0.75 0 1 0 0
-0.7416 4.8 2.2825 0.0245 0.6545 0 1 0
0.7416 4.8 2.2825 0.0245 0.3455 0 1 0
1.9416 4.8 1.4107 0.2061 0.0955 0 1 0
-2.4 4.8 -0 0.5 1 0 1 0
-1.9416 4.8 1.4107 0.2061 0.9045 0 1 0
-0.7416 4.8 2.2825 0.0245 0.6545 0 1 0
-0.7416 4.8 -2.2825 0.9755 0.6545 0 1 0
-1.9416 4.8 -1.4107 0.7939 0.9045 0 1 0
-2.4 4.8 -0 0.5 1 0 1 0
1.9416 4.8 -1.4107 0.7939 0.0955 0 1 0
0.7416 4.8 -2.2825 0.9755 0.3455 0 1 0
-0.7416 4.8 -2.2825 0.9755 0.6545 0 1 0
1.9416 4.8 -1.4107 0.7939 0.0955 0 1 0
-0.7416 4.8 -2.2825 0.9755 0.6545 0 1 0
-2.4 4.8 -0 0.5 1 0 1 0
1.9416 4.8 -1.4107 0.7939 0.0955 0 1 0
-2.4 4.8 -0 0.5 1 0 1 0
-0.7416 4.8 2.2825 0.0245 0.6545 0 1 0
1.9416 4.8 -1.4107 0.7939 0.0955 0 1 0
-0.7416 4.8 2.2825 0.0245 0.6545 0 1 0
1.9416 4.8 1.4107 0.2061 0.0955 0 1 0
1.9416 4.8 -1.4107 0.7939 0.0955 0 1 0
1.9416 4.8 1.4107 0.2061 0.0955 0 1 0
2.4 4.8 0 0.5 0 0 1 0
-3.9 0 12 0.9875 0 0 -1 0
-4 0 11.9 1 0.00629997 0 -1 0
-4 0 -3.9 1 0.9937 0 -1 0
4 0 11.9 0 0.00629997 0 -1 0
3.9 0 12 0.0125 0 0 -1 0
-3.9 0 12 0.9875 0 0 -1 0
4 0 11.9 0 0.00629997 0 -1 0
-3.9 0 12 0.9875 0 0 -1 0
-4 0 -3.9 1 0.9937 0 -1 0
3.9 0 -4 0.0125 1 0 -1 0
4 0 -3.9 0 0.9937 0 -1 0
4 0 11.9 0 0.00629997 0 -1 0
3.9 0 -4 0.0125 1 0 -1 0
4 0 11.9 0 0.00629997 0 -1 0
-4 0 -3.9 1 0.9937 0 -1 0
3.9 0 -4 0.0125 1 0 -1 0
-4 0 -3.9 1 0.9937 0 -1 0
-3.9 0 -4 0.9875 1 0 -1 0
3.9 3.2 11.9 0.9875 0.00629997 0 1 0
3.9 3.2 -3.9 0.9875 0.9937 0 1 0
-3.9 3.2 -3.9 0.0125 0.9937 0 1 0
-3.9 3.2 -3.9 0.0125 0.9937 0 1 0
-3.9 3.2 11.9 0.0125 0.00629997 0 1 0
3.9 3.2 11.9 0.9875 0.00629997 0 1 0
3.9 3.1 -4 0.9875 0.0312 0 0 -1
3.9 0 -4 0.9875 1 0 0 -1
-3.9 0 -4 0.0125 1 0 0 -1
-3.9 0 -4 0.0125 1 0 0 -1
-3.9 3.1 -4 0.0125 0.0312 0 0 -1
3.9 3.1 -4 0.9875 0.0312 0 0 -1
4 3.1 11.9 0.9937 0.0312 1 0 0
4 0 11.9 0.9937 1 1 0 0
4 0 -3.9 0.0063 1 1 0 0
4 0 -3.9 0.0063 1 1 0 0
4 3.1 -3.9 0.0063 0.0312 1 0 0
4 3.1 11.9 0.9937 0.0312 1 0 0
-3.9 3.1 12 0.9875 0.0312 0 0 1
-3.9 0 12 0.9875 1 0 0 1
3.9 0 12 0.0125 1 0 0 1
3.9 0 12 0.0125 1 0 0 1
3.9 3.1 12 0.0125 0.0312 0 0 1
-3.9 3.1 12 0.9875 0.0312 0 0 1
-4 3.1 -3.9 0.9937 0.0312 -1 0 0
-4 0 -3.9 0.9937 1 -1 0 0
-4 0 11.9 0.0063 1 -1 0 0
-4 0 11.9 0.0063 1 -1 0 0
-4 3.1 11.9 0.0063 0.0312 -1 0 0
-4 3.1 -3.9 0.9937 0.0312 -1 0 0
-4 3.1 -3.9 -0.0011 0.0505 -0.5774 0.5774 -0.5774
-3.9 3.2 -3.9 -0.0141 0.00480002 -0.5774 0.5774 -0.5774
-3.9 3.1 -4 0.0125 0.0312 -0.5774 0.5774 -0.5774
3.9 3.1 -4 -0.0074 0.0505 0.5774 0.5774 -0.5774
3.9 3.2 -3.9 -0.0166 0.00480002 0.5774 0.5774 -0.5774
4 3.1 -3.9 0.0063 0.0312 0.5774 0.5774 -0.5774
-3.9 3.1 12 -0.0074 0.0505 -0.5774 0.5774 0.5774
-3.9 3.2 11.9 -0.0166 0.00480002 -0.5774 0.5774 0.5774
-4 3.1 11.9 0.0063 0.0312 -0.5774 0.5774 0.5774
4 3.1 11.9 -0.0011 0.0505 0.5774 0.5774 0.5774
3.9 3.2 11.9 -0.0141 0.00480002 0.5774 0.5774 0.5774
3.9 3.1 12 0.0125 0.0312 0.5774 0.5774 0.5774
3.9 3.1 -4 0.9875 0.0312 0 0.7071 -0.7071
-3.9 3.1 -4 0.0125 0.0312 0 0.7071 -0.7071
-3.9 3.2 -3.9 0.0125 -0.00100005 0 0.7071 -0.7071
-3.9 3.2 -3.9 0.0125 -0.00100005 0 0.7071 -0.7071
3.9 3.2 -3.9 0.9875 -0.00100005 0 0.7071 -0.7071
3.9 3.1 -4 0.9875 0.0312 0 0.7071 -0.7071
4 3.1 11.9 0.9937 0.0312 0.7071 0.7071 0
4 3.1 -3.9 0.0063 0.0312 0.7071 0.7071 0
3.9 3.2 -3.9 0.0063 0.00580001 0.7071 0.7071 0
3.9 3.2 -3.9 0.0063 0.00580001 0.7071 0.7071 0
3.9 3.2 11.9 0.9937 0.00580001 0.7071 0.7071 0
4 3.1 11.9 0.9937 0.0312 0.7071 0.7071 0
-3.9 3.1 12 0.9875 0.0312 0 0.7071 0.7071
3.9 3.1 12 0.0125 0.0312 0 0.7071 0.7071
3.9 3.2 11.9 0.0125 -0.00100005 0 0.7071 0.7071
3.9 3.2 11.9 0.0125 -0.00100005 0 0.7071 0.7071
-3.9 3.2 11.9 0.9875 -0.00100005 0 0.7071 0.7071
-3.9 3.1 12 0.9875 0.0312 0 0.7071 0.7071
-4 3.1 -3.9 0.9937 0.0312 -0.7071 0.7071 0
-4 3.1 11.9 0.0063 0.0312 -0.7071 0.7071 0
-3.9 3.2 11.9 0.0063 0.00580001 -0.7071 0.7071 0
-3.9 3.2 11.9 0.0063 0.00580001 -0.7071 0.7071 0
-3.9 3.2 -3.9 0.9937 0.00580001 -0.7071 0.7071 0
-4 3.1 -3.9 0.9937 0.0312 -0.7071 0.7071 0
4 3.1 -3.9 0.0063 0.0312 0.7071 0 -0.7071
4 0 -3.9 0.0063 1 0.7071 0 -0.7071
3.9 0 -4 -0.0021 1.002 0.7071 0 -0.7071
3.9 0 -4 -0.0021 1.002 0.7071 0 -0.7071
3.9 3.1 -4 -0.0021 0.0354 0.7071 0 -0.7071
4 3.1 -3.9 0.0063 0.0312 0.7071 0 -0.7071
-4 0 -3.9 0.9937 1 -0.7071 0 -0.7071
-4 3.1 -3.9 0.9937 0.0312 -0.7071 0 -0.7071
-3.9 3.1 -4 1.0021 0.0354 -0.7071 0 -0.7071
-3.9 3.1 -4 1.0021 0.0354 -0.7071 0 -0.7071
-3.9 0 -4 1.0021 1.002 -0.7071 0 -0.7071
-4 0 -3.9 0.9937 1 -0.7071 0 -0.7071
3.9 3.1 12 0.0125 0.0312 0.7071 0 0.7071
3.9 0 12 0.0125 1 0.7071 0 0.7071
4 0 11.9 -0.0049 1.0099 0.7071 0 0.7071
4 0 11.9 -0.0049 1.0099 0.7071 0 0.7071
4 3.1 11.9 -0.0048 0.0387 0.7071 0 0.7071
3.9 3.1 12 0.0125 0.0312 0.7071 0 0.7071
-4 3.1 11.9 0.0063 0.0312 -0.7071 0 0.7071
-4 0 11.9 0.0063 1 -0.7071 0 0.7071
-3.9 0 12 -0.0021 1.002 -0.7071 0 0.7071
-3.9 0 12 -0.0021 1.002 -0.7071 0 0.7071
-3.9 3.1 12 -0.0021 0.0354 -0.7071 0 0.7071
-4 3.1 11.9 0.0063 0.0312 -0.7071 0 0.7071
1.9416 4.8 9.4107 0.85 0 0.809 0 0.5878
1.9416 3.2 9.4107 0.85 1 0.809 0 0.5878
2.4 3.2 8 0.75 1 1 0 0
2.4 3.2 8 0.75 1 1 0 0
2.4 4.8 8 0.75 0 1 0 0
1.9416 4.8 9.4107 0.85 0 0.809 0 0.5878
0.7416 4.8 10.2825 0.95 0 0.309 0 0.9511
0.7416 3.2 10.2825 0.95 1 0.309 0 0.9511
1.9416 3.2 9.4107 0.85 1 0.809 0 0.5878
1.9416 3.2 9.4107 0.85 1 0.809 0 0.5878
1.9416 4.8 9.4107 0.85 0 0.809 0 0.5878
0.7416 4.8 10.2825 0.95 0 0.309 0 0.9511
-0.7416 4.8 10.2825 1.05 0 -0.309 0 0.9511
-0.7416 3.2 10.2825 1.05 1 -0.309 0 0.9511
0.7416 3.2 10.2825 0.95 1 0.309 0 0.9511
0.7416 3.2 10.2825 0.95 1 0.309 0 0.9511
0.7416 4.8 10.2825 0.95 0 0.309 0 0.9511
-0.7416 4.8 10.2825 1.05 0 -0.309 0 0.9511
-1.9416 4.8 9.4107 0.15 0 -0.809 0 0.5878
-1.9416 3.2 9.4107 0.15 1 -0.809 0 0.5878
-0.7416 3.2 10.2825 0.05 1 -0.309 0 0.9511
-0.7416 3.2 10.2825 0.05 1 -0.309 0 0.9511
-0.7416 4.8 10.2825 0.05 0 -0.309 0 0.9511
-1.9416 4.8 9.4107 0.15 0 -0.809 0 0.5878
-2.4 4.8 8 0.25 0 -1 0 -0
-2.4 3.2 8 0.25 1 -1 0 -0
-1.9416 3.2 9.4107 0.15 1 -0.809 0 0.5878
-1.9416 3.2 9.4107 0.15 1 -0.809 0 0.5878
-1.9416 4.8 9.4107 0.15 0 -0.809 0 0.5878
-2.4 4.8 8 0.25 0 -1 0 -0
-1.9416 4.8 6.5893 0.35 0 -0.809 0 -0.5878
-1.9416 3.2 6.5893 0.35 1 -0.809 0 -0.5878
-2.4 3.2 8 0.25 1 -1 0 -0
-2.4 3.2 8 0.25 1 -1 0 -0
-2.4 4.8 8 0.25 0 -1 0 -0
-1.9416 4.8 6.5893 0.35 0 -0.809 0 -0.5878
-0.7416 4.8 5.7175 0.45 0 -0.309 0 -0.9511
-0.7416 3.2 5.7175 0.45 1 -0.309 0 -0.9511
-1.9416 3.2 6.5893 0.35 1 -0.809 0 -0.5878
-1.9416 3.2 6.5893 0.35 1 -0.809 0 -0.5878
-1.9416 4.8 6.5893 0.35 0 -0.809 0 -0.5878
-0.7416 4.8 5.7175 0.45 0 -0.309 0 -0.9511
0.7416 4.8 5.7175 0.55 0 0.309 0 -0.9511
0.7416 3.2 5.7175 0.55 1 0.309 0 -0.9511
-0.7416 3.2 5.7175 0.45 1 -0.309 0 -0.9511
-0.7416 3.2 5.7175 0.45 1 -0.309 0 -0.9511
-0.7416 4.8 5.7175 0.45 0 -0.309 0 -0.9511
0.7416 4.8 5.7175 0.55 0 0.309 0 -0.9511
1.9416 4.8 6.5893 0.65 0 0.809 0 -0.5878
1.9416 3.2 6.5893 0.65 1 0.809 0 -0.5878
0.7416 3.2 5.7175 0.55 1 0.309 0 -0.9511
0.7416 3.2 5.7175 0.55 1 0.309 0 -0.9511
0.7416 4.8 5.7175 0.55 0 0.309 0 -0.9511
1.9416 4.8 6.5893 0.65 0 0.809 0 -0.5878
2.4 4.8 8 0.75 0 1 0 0
2.4 3.2 8 0.75 1 1 0 0
1.9416 3.2 6.5893 0.65 1 0.809 0 -0.5878
1.9416 3.2 6.5893 0.65 1 0.809 0 -0.5878
1.9416 4.8 6.5893 0.65 0 0.809 0 -0.5878
2.4 4.8 8 0.75 0 1 0 0
-0.7416 4.8 10.2825 0.0245 0.6545 0 1 0
0.7416 4.8 10.2825 0.0245 0.3455 0 1 0
1.9416 4.8 9.4107 0.2061 0.0955 0 1 0
-2.4 4.8 8 0.5 1 0 1 0
-1.9416 4.8 9.4107 0.2061 0.9045 0 1 0
-0.7416 4.8 10.2825 0.0245 0.6545 0 1 0
-0.7416 4.8 5.7175 0.9755 0.6545 0 1 0
-1.9416 4.8 6.5893 0.7939 0.9045 0 1 0
-2.4 4.8 8 0.5 1 0 1 0
1.9416 4.8 6.5893 0.7939 0.0955 0 1 0
0.7416 4.8 5.7175 0.9755 0.3455 0 1 0
-0.7416 4.8 5.7175 0.9755 0.6545 0 1 0
1.9416 4.8 6.5893 0.7939 0.0955 0 1 0
-0.7416 4.8 5.7175 0.9755 0.6545 0 1 0
-2.4 4.8 8 0.5 1 0 1 0
1.9416 4.8 6.5893 0.7939 0.0955 0 1 0
-2.4 4.8 8 0.5 1 0 1 0
-0.7416 4.8 10.2825 0.0245 0.6545 0 1 0
1.9416 4.8 6.5893 0.7939 0.0955 0 1 0
-0.7416 4.8 10.2825 0.0245 0.6545 0 1 0
1.9416 4.8 9.4107 0.2061 0.0955 0 1 0
1.9416 4.8 6.5893 0.7939 0.0955 0 1 0
1.9416 4.8 9.4107 0.2061 0.0955 0 1 0
2.4 4.8 8 0.5 0 0 1 0
