Vertex Count: 24
Index Count: 36

Data:

v 4 0 4 0 0 0 -1 0
v -4 0 4 1 0 0 -1 0
v -4 0 -4 1 1 0 -1 0
v 4 0 -4 0 1 0 -1 0
v 4 3.2 4 1 0 0 1 0
v 4 3.2 -4 1 1 0 1 0
v -4 3.2 -4 0 1 0 1 0
v -4 3.2 4 0 0 0 1 0
v 4 3.2 -4 1 0 0 0 -1
v 4 0 -4 1 1 0 0 -1
v -4 0 -4 0 1 0 0 -1
v -4 3.2 -4 0 0 0 0 -1
v 4 3.2 4 1 0 1 0 0
v 4 0 4 1 1 1 0 0
v 4 0 -4 0 1 1 0 0
v 4 3.2 -4 0 0 1 0 0
v -4 3.2 4 1 0 0 0 1
v -4 0 4 1 1 0 0 1
v 4 0 4 0 1 0 0 1
v 4 3.2 4 0 0 0 0 1
v -4 3.2 -4 1 0 -1 0 0
v -4 0 -4 1 1 -1 0 0
v -4 0 4 0 1 -1 0 0
v -4 3.2 4 0 0 -1 0 0

i 0
i 1
i 2
i 2
i 3
i 0
i 4
i 5
i 6
i 6
i 7
i 4
i 8
i 9
i 10
i 10
i 11
i 8
i 12
i 13
i 14
i 14
i 15
i 12
i 16
i 17
i 18
i 18
i 19
i 16
i 20
i 21
i 22
i 22
i 23
i 20

