Vertex Count: 444

Data:

1.9416 11.2 1.4107 0.85 0 0.809 0 0.5878
1.9416 9.6 1.4107 0.85 1 0.809 0 0.5878
2.4 9.6 0 0.75 1 1 0 0
2.4 9.6 0 0.75 1 1 0 0
2.4 11.2 0 0.75 0 1 0 0
1.9416 11.2 1.4107 0.85 0 0.809 0 0.5878
0.7416 11.2 2.2825 0.95 0 0.309 0 0.9511
0.7416 9.6 2.2825 0.95 1 0.309 0 0.9511
1.9416 9.6 1.4107 0.85 1 0.809 0 0.5878
1.9416 9.6 1.4107 0.85 1 0.809 0 0.5878
1.9416 11.2 1.4107 0.85 0 0.809 0 0.5878
0.7416 11.2 2.2825 0.95 0 0.309 0 0.9511
-0.7416 11.2 2.2825 1.05 0 -0.309 0 0.9511
-0.7416 9.6 2.2825 1.05 1 -0.309 0 0.9511
0.7416 9.6 2.2825 0.95 1 0.309 0 0.9511
0.7416 9.6 2.2825 0.95 1 0.309 0 0.9511
0.7416 11.2 2.2825 0.95 0 0.309 0 0.9511
-0.7416 11.2 2.2825 1.05 0 -0.309 0 0.9511
-1.9416 11.2 1.4107 0.15 0 -0.809 0 0.5878
-1.9416 9.6 1.4107 0.15 1 -0.809 0 0.5878
-0.7416 9.6 2.2825 0.05 1 -0.309 0 0.9511
-0.7416 9.6 2.2825 0.05 1 -0.309 0 0.9511
-0.7416 11.2 2.2825 0.05 0 -0.309 0 0.9511
-1.9416 11.2 1.4107 0.15 0 -0.809 0 0.5878
-2.4 11.2 -0 0.25 0 -1 0 -0
-2.4 9.6 -0 0.25 1 -1 0 -0
-1.9416 9.6 1.4107 0.15 1 -0.809 0 0.5878
-1.9416 9.6 1.4107 0.15 1 -0.809 0 0.5878
-1.9416 11.2 1.4107 0.15 0 -0.809 0 0.5878
-2.4 11.2 -0 0.25 0 -1 0 -0
-1.9416 11.2 -1.4107 0.35 0 -0.809 0 -0.5878
-1.9416 9.6 -1.4107 0.35 1 -0.809 0 -0.5878
-2.4 9.6 -0 0.25 1 -1 0 -0
-2.4 9.6 -0 0.25 1 -1 0 -0
-2.4 11.2 -0 0.25 0 -1 0 -0
-1.9416 11.2 -1.4107 0.35 0 -0.809 0 -0.5878
-0.7416 11.2 -2.2825 0.45 0 -0.309 0 -0.9511
-0.7416 9.6 -2.2825 0.45 1 -0.309 0 -0.9511
-1.9416 9.6 -1.4107 0.35 1 -0.809 0 -0.5878
-1.9416 9.6 -1.4107 0.35 1 -0.809 0 -0.5878
-1.9416 11.2 -1.4107 0.35 0 -0.809 0 -0.5878
-0.7416 11.2 -2.2825 0.45 0 -0.309 0 -0.9511
0.7416 11.2 -2.2825 0.55 0 0.309 0 -0.9511
0.7416 9.6 -2.2825 0.55 1 0.309 0 -0.9511
-0.7416 9.6 -2.2825 0.45 1 -0.309 0 -0.9511
-0.7416 9.6 -2.2825 0.45 1 -0.309 0 -0.9511
-0.7416 11.2 -2.2825 0.45 0 -0.309 0 -0.9511
0.7416 11.2 -2.2825 0.55 0 0.309 0 -0.9511
1.9416 11.2 -1.4107 0.65 0 0.809 0 -0.5878
1.9416 9.6 -1.4107 0.65 1 0.809 0 -0.5878
0.7416 9.6 -2.2825 0.55 1 0.309 0 -0.9511
0.7416 9.6 -2.2825 0.55 1 0.309 0 -0.9511
0.7416 11.2 -2.2825 0.55 0 0.309 0 -0.9511
1.9416 11.2 -1.4107 0.65 0 0.809 0 -0.5878
2.4 11.2 0 0.75 0 1 0 0
2.4 9.6 0 0.75 1 1 0 0
1.9416 9.6 -1.4107 0.65 1 0.809 0 -0.5878
1.9416 9.6 -1.4107 0.65 1 0.809 0 -0.5878
1.9416 11.2 -1.4107 0.65 0 0.809 0 -0.5878
2.4 11.2 0 0.75 0 1 0 0
-0.7416 11.2 2.2825 0.0245 0.6545 0 1 0
0.7416 11.2 2.2825 0.0245 0.3455 0 1 0
1.9416 11.2 1.4107 0.2061 0.0955 0 1 0
-2.4 11.2 -0 0.5 1 0 1 0
-1.9416 11.2 1.4107 0.2061 0.9045 0 1 0
-0.7416 11.2 2.2825 0.0245 0.6545 0 1 0
-0.7416 11.2 -2.2825 0.9755 0.6545 0 1 0
-1.9416 11.2 -1.4107 0.7939 0.9045 0 1 0
-2.4 11.2 -0 0.5 1 0 1 0
1.9416 11.2 -1.4107 0.7939 0.0955 0 1 0
0.7416 11.2 -2.2825 0.9755 0.3455 0 1 0
-0.7416 11.2 -2.2825 0.9755 0.6545 0 1 0
1.9416 11.2 -1.4107 0.7939 0.0955 0 1 0
-0.7416 11.2 -2.2825 0.9755 0.6545 0 1 0
-2.4 11.2 -0 0.5 1 0 1 0
1.9416 11.2 -1.4107 0.7939 0.0955 0 1 0
-2.4 11.2 -0 0.5 1 0 1 0
-0.7416 11.2 2.2825 0.0245 0.6545 0 1 0
1.9416 11.2 -1.4107 0.7939 0.0955 0 1 0
-0.7416 11.2 2.2825 0.0245 0.6545 0 1 0
1.9416 11.2 1.4107 0.2061 0.0955 0 1 0
1.9416 11.2 -1.4107 0.7939 0.0955 0 1 0
1.9416 11.2 1.4107 0.2061 0.0955 0 1 0
2.4 11.2 0 0.5 0 0 1 0
1.9416 11.2 9.4107 0.85 0 0.809 0 0.5878
1.9416 9.6 9.4107 0.85 1 0.809 0 0.5878
2.4 9.6 8 0.75 1 1 0 0
2.4 9.6 8 0.75 1 1 0 0
2.4 11.2 8 0.75 0 1 0 0
1.9416 11.2 9.4107 0.85 0 0.809 0 0.5878
0.7416 11.2 10.2825 0.95 0 0.309 0 0.9511
0.7416 9.6 10.2825 0.95 1 0.309 0 0.9511
1.9416 9.6 9.4107 0.85 1 0.809 0 0.5878
1.9416 9.6 9.4107 0.85 1 0.809 0 0.5878
1.9416 11.2 9.4107 0.85 0 0.809 0 0.5878
0.7416 11.2 10.2825 0.95 0 0.309 0 0.9511
-0.7416 11.2 10.2825 1.05 0 -0.309 0 0.9511
-0.7416 9.6 10.2825 1.05 1 -0.309 0 0.9511
0.7416 9.6 10.2825 0.95 1 0.309 0 0.9511
0.7416 9.6 10.2825 0.95 1 0.309 0 0.9511
0.7416 11.2 10.2825 0.95 0 0.309 0 0.9511
-0.7416 11.2 10.2825 1.05 0 -0.309 0 0.9511
-1.9416 11.2 9.4107 0.15 0 -0.809 0 0.5878
-1.9416 9.6 9.4107 0.15 1 -0.809 0 0.5878
-0.7416 9.6 10.2825 0.05 1 -0.309 0 0.9511
-0.7416 9.6 10.2825 0.05 1 -0.309 0 0.9511
-0.7416 11.2 10.2825 0.05 0 -0.309 0 0.9511
-1.9416 11.2 9.4107 0.15 0 -0.809 0 0.5878
-2.4 11.2 8 0.25 0 -1 0 -0
-2.4 9.6 8 0.25 1 -1 0 -0
-1.9416 9.6 9.4107 0.15 1 -0.809 0 0.5878
-1.9416 9.6 9.4107 0.15 1 -0.809 0 0.5878
-1.9416 11.2 9.4107 0.15 0 -0.809 0 0.5878
-2.4 11.2 8 0.25 0 -1 0 -0
-1.9416 11.2 6.5893 0.35 0 -0.809 0 -0.5878
-1.9416 9.6 6.5893 0.35 1 -0.809 0 -0.5878
-2.4 9.6 8 0.25 1 -1 0 -0
-2.4 9.6 8 0.25 1 -1 0 -0
-2.4 11.2 8 0.25 0 -1 0 -0
-1.9416 11.2 6.5893 0.35 0 -0.809 0 -0.5878
-0.7416 11.2 5.7175 0.45 0 -0.309 0 -0.9511
-0.7416 9.6 5.7175 0.45 1 -0.309 0 -0.9511
-1.9416 9.6 6.5893 0.35 1 -0.809 0 -0.5878
-1.9416 9.6 6.5893 0.35 1 -0.809 0 -0.5878
-1.9416 11.2 6.5893 0.35 0 -0.809 0 -0.5878
-0.7416 11.2 5.7175 0.45 0 -0.309 0 -0.9511
0.7416 11.2 5.7175 0.55 0 0.309 0 -0.9511
0.7416 9.6 5.7175 0.55 1 0.309 0 -0.9511
-0.7416 9.6 5.7175 0.45 1 -0.309 0 -0.9511
-0.7416 9.6 5.7175 0.45 1 -0.309 0 -0.9511
-0.7416 11.2 5.7175 0.45 0 -0.309 0 -0.9511
0.7416 11.2 5.7175 0.55 0 0.309 0 -0.9511
1.9416 11.2 6.5893 0.65 0 0.809 0 -0.5878
1.9416 9.6 6.5893 0.65 1 0.809 0 -0.5878
0.7416 9.6 5.7175 0.55 1 0.309 0 -0.9511
0.7416 9.6 5.7175 0.55 1 0.309 0 -0.9511
0.7416 11.2 5.7175 0.55 0 0.309 0 -0.9511
1.9416 11.2 6.5893 0.65 0 0.809 0 -0.5878
2.4 11.2 8 0.75 0 1 0 0
2.4 9.6 8 0.75 1 1 0 0
1.9416 9.6 6.5893 0.65 1 0.809 0 -0.5878
1.9416 9.6 6.5893 0.65 1 0.809 0 -0.5878
1.9416 11.2 6.5893 0.65 0 0.809 0 -0.5878
2.4 11.2 8 0.75 0 1 0 0
-0.7416 11.2 10.2825 0.0245 0.6545 0 1 0
0.7416 11.2 10.2825 0.0245 0.3455 0 1 0
1.9416 11.2 9.4107 0.2061 0.0955 0 1 0
-2.4 11.2 8 0.5 1 0 1 0
-1.9416 11.2 9.4107 0.2061 0.9045 0 1 0
-0.7416 11.2 10.2825 0.0245 0.6545 0 1 0
-0.7416 11.2 5.7175 0.9755 0.6545 0 1 0
-1.9416 11.2 6.5893 0.7939 0.9045 0 1 0
-2.4 11.2 8 0.5 1 0 1 0
1.9416 11.2 6.5893 0.7939 0.0955 0 1 0
0.7416 11.2 5.7175 0.9755 0.3455 0 1 0
-0.7416 11.2 5.7175 0.9755 0.6545 0 1 0
1.9416 11.2 6.5893 0.7939 0.0955 0 1 0
-0.7416 11.2 5.7175 0.9755 0.6545 0 1 0
-2.4 11.2 8 0.5 1 0 1 0
1.9416 11.2 6.5893 0.7939 0.0955 0 1 0
-2.4 11.2 8 0.5 1 0 1 0
-0.7416 11.2 10.2825 0.0245 0.6545 0 1 0
1.9416 11.2 6.5893 0.7939 0.0955 0 1 0
-0.7416 11.2 10.2825 0.0245 0.6545 0 1 0
1.9416 11.2 9.4107 0.2061 0.0955 0 1 0
1.9416 11.2 6.5893 0.7939 0.0955 0 1 0
1.9416 11.2 9.4107 0.2061 0.0955 0 1 0
2.4 11.2 8 0.5 0 0 1 0
-3.9 0 28 0.9875 0 0 -1 0
-4 0 27.9 1 0.00309998 0 -1 0
-4 0 -3.9 1 0.9969 0 -1 0
4 0 27.9 0 0.00309998 0 -1 0
3.9 0 28 0.0125 0 0 -1 0
-3.9 0 28 0.9875 0 0 -1 0
4 0 27.9 0 0.00309998 0 -1 0
-3.9 0 28 0.9875 0 0 -1 0
-4 0 -3.9 1 0.9969 0 -1 0
3.9 0 -4 0.0125 1 0 -1 0
4 0 -3.9 0 0.9969 0 -1 0
4 0 27.9 0 0.00309998 0 -1 0
3.9 0 -4 0.0125 1 0 -1 0
4 0 27.9 0 0.00309998 0 -1 0
-4 0 -3.9 1 0.9969 0 -1 0
3.9 0 -4 0.0125 1 0 -1 0
-4 0 -3.9 1 0.9969 0 -1 0
-3.9 0 -4 0.9875 1 0 -1 0
3.9 9.6 27.9 0.9875 0.00309998 0 1 0
3.9 9.6 -3.9 0.9875 0.9969 0 1 0
-3.9 9.6 -3.9 0.0125 0.9969 0 1 0
-3.9 9.6 -3.9 0.0125 0.9969 0 1 0
-3.9 9.6 27.9 0.0125 0.00309998 0 1 0
3.9 9.6 27.9 0.9875 0.00309998 0 1 0
3.9 9.5 -4 0.9875 0.0104 0 0 -1
3.9 0 -4 0.9875 1 0 0 -1
-3.9 0 -4 0.0125 1 0 0 -1
-3.9 0 -4 0.0125 1 0 0 -1
-3.9 9.5 -4 0.0125 0.0104 0 0 -1
3.9 9.5 -4 0.9875 0.0104 0 0 -1
4 9.5 27.9 0.9969 0.0104 1 0 0
4 0 27.9 0.9969 1 1 0 0
4 0 -3.9 0.0031 1 1 0 0
4 0 -3.9 0.0031 1 1 0 0
4 9.5 -3.9 0.0031 0.0104 1 0 0
4 9.5 27.9 0.9969 0.0104 1 0 0
-3.9 9.5 28 0.9875 0.0104 0 0 1
-3.9 0 28 0.9875 1 0 0 1
3.9 0 28 0.0125 1 0 0 1
3.9 0 28 0.0125 1 0 0 1
3.9 9.5 28 0.0125 0.0104 0 0 1
-3.9 9.5 28 0.9875 0.0104 0 0 1
-4 9.5 -3.9 0.9969 0.0104 -1 0 0
-4 0 -3.9 0.9969 1 -1 0 0
-4 0 27.9 0.0031 1 -1 0 0
-4 0 27.9 0.0031 1 -1 0 0
-4 9.5 27.9 0.0031 0.0104 -1 0 0
-4 9.5 -3.9 0.9969 0.0104 -1 0 0
-4 9.5 -3.9 0.0005 0.0143 -0.5774 0.5773 -0.5773
-3.9 9.6 -3.9 0.0023 0.0036 -0.5774 0.5773 -0.5773
-3.9 9.5 -4 0.0125 0.0104 -0.5774 0.5773 -0.5773
3.9 9.5 -4 -0.0085 0.0186 0.5774 0.5773 -0.5773
3.9 9.6 -3.9 -0.0085 0.00639999 0.5774 0.5773 -0.5773
4 9.5 -3.9 0.0031 0.0104 0.5774 0.5773 -0.5773
-3.9 9.5 28 -0.0085 0.0186 -0.5774 0.5773 0.5773
-3.9 9.6 27.9 -0.0085 0.00639999 -0.5774 0.5773 0.5773
-4 9.5 27.9 0.0031 0.0104 -0.5774 0.5773 0.5773
4 9.5 27.9 0.0005 0.0143 0.5774 0.5773 0.5773
3.9 9.6 27.9 0.0023 0.0036 0.5774 0.5773 0.5773
3.9 9.5 28 0.0125 0.0104 0.5774 0.5773 0.5773
3.9 9.5 -4 0.9875 0.0104 0 0.7071 -0.7071
-3.9 9.5 -4 0.0125 0.0104 0 0.7071 -0.7071
-3.9 9.6 -3.9 0.0125 0.0281 0 0.7071 -0.7071
-3.9 9.6 -3.9 0.0125 0.0281 0 0.7071 -0.7071
3.9 9.6 -3.9 0.9875 0.0281 0 0.7071 -0.7071
3.9 9.5 -4 0.9875 0.0104 0 0.7071 -0.7071
4 9.5 27.9 0.9969 0.0104 0.7071 0.7071 0
4 9.5 -3.9 0.0031 0.0104 0.7071 0.7071 0
3.9 9.6 -3.9 0.0031 0.00760001 0.7071 0.7071 0
3.9 9.6 -3.9 0.0031 0.00760001 0.7071 0.7071 0
3.9 9.6 27.9 0.9969 0.00760001 0.7071 0.7071 0
4 9.5 27.9 0.9969 0.0104 0.7071 0.7071 0
-3.9 9.5 28 0.9875 0.0104 0 0.7071 0.7071
3.9 9.5 28 0.0125 0.0104 0 0.7071 0.7071
3.9 9.6 27.9 0.0125 0.0281 0 0.7071 0.7071
3.9 9.6 27.9 0.0125 0.0281 0 0.7071 0.7071
-3.9 9.6 27.9 0.9875 0.0281 0 0.7071 0.7071
-3.9 9.5 28 0.9875 0.0104 0 0.7071 0.7071
-4 9.5 -3.9 0.9969 0.0104 -0.7071 0.7071 0
-4 9.5 27.9 0.0031 0.0104 -0.7071 0.7071 0
-3.9 9.6 27.9 0.0031 0.00760001 -0.7071 0.7071 0
-3.9 9.6 27.9 0.0031 0.00760001 -0.7071 0.7071 0
-3.9 9.6 -3.9 0.9969 0.00760001 -0.7071 0.7071 0
-4 9.5 -3.9 0.9969 0.0104 -0.7071 0.7071 0
4 9.5 -3.9 0.0031 0.0104 0.7071 0 -0.7071
4 0 -3.9 0.0031 1 0.7071 0 -0.7071
3.9 0 -4 -0.0011 0.9988 0.7071 0 -0.7071
3.9 0 -4 -0.0011 0.9988 0.7071 0 -0.7071
3.9 9.5 -4 -0.0012 0.0137 0.7071 0 -0.7071
4 9.5 -3.9 0.0031 0.0104 0.7071 0 -0.7071
-4 0 -3.9 0.9969 1 -0.7071 0 -0.7071
-4 9.5 -3.9 0.9969 0.0104 -0.7071 0 -0.7071
-3.9 9.5 -4 1.0012 0.0137 -0.7071 0 -0.7071
-3.9 9.5 -4 1.0012 0.0137 -0.7071 0 -0.7071
-3.9 0 -4 1.0011 0.9988 -0.7071 0 -0.7071
-4 0 -3.9 0.9969 1 -0.7071 0 -0.7071
3.9 9.5 28 0.0125 0.0104 0.7071 0 0.7071
3.9 0 28 0.0125 1 0.7071 0 0.7071
4 0 27.9 -0.0083 1.0065 0.7071 0 0.7071
4 0 27.9 -0.0083 1.0065 0.7071 0 0.7071
4 9.5 27.9 -0.0055 0.0117 0.7071 0 0.7071
3.9 9.5 28 0.0125 0.0104 0.7071 0 0.7071
-4 9.5 27.9 0.0031 0.0104 -0.7071 0 0.7071
-4 0 27.9 0.0031 1 -0.7071 0 0.7071
-3.9 0 28 -0.0011 0.9988 -0.7071 0 0.7071
-3.9 0 28 -0.0011 0.9988 -0.7071 0 0.7071
-3.9 9.5 28 -0.0012 0.0137 -0.7071 0 0.7071
-4 9.5 27.9 0.0031 0.0104 -0.7071 0 0.7071
1.9416 11.2 25.4107 0.85 0 0.809 0 0.5878
1.9416 9.6 25.4107 0.85 1 0.809 0 0.5878
2.4 9.6 24 0.75 1 1 0 0
2.4 9.6 24 0.75 1 1 0 0
2.4 11.2 24 0.75 0 1 0 0
1.9416 11.2 25.4107 0.85 0 0.809 0 0.5878
0.7416 11.2 26.2825 0.95 0 0.309 0 0.9511
0.7416 9.6 26.2825 0.95 1 0.309 0 0.9511
1.9416 9.6 25.4107 0.85 1 0.809 0 0.5878
1.9416 9.6 25.4107 0.85 1 0.809 0 0.5878
1.9416 11.2 25.4107 0.85 0 0.809 0 0.5878
0.7416 11.2 26.2825 0.95 0 0.309 0 0.9511
-0.7416 11.2 26.2825 1.05 0 -0.309 0 0.9511
-0.7416 9.6 26.2825 1.05 1 -0.309 0 0.9511
0.7416 9.6 26.2825 0.95 1 0.309 0 0.9511
0.7416 9.6 26.2825 0.95 1 0.309 0 0.9511
0.7416 11.2 26.2825 0.95 0 0.309 0 0.9511
-0.7416 11.2 26.2825 1.05 0 -0.309 0 0.9511
-1.9416 11.2 25.4107 0.15 0 -0.809 0 0.5878
-1.9416 9.6 25.4107 0.15 1 -0.809 0 0.5878
-0.7416 9.6 26.2825 0.05 1 -0.309 0 0.9511
-0.7416 9.6 26.2825 0.05 1 -0.309 0 0.9511
-0.7416 11.2 26.2825 0.05 0 -0.309 0 0.9511
-1.9416 11.2 25.4107 0.15 0 -0.809 0 0.5878
-2.4 11.2 24 0.25 0 -1 0 -0
-2.4 9.6 24 0.25 1 -1 0 -0
-1.9416 9.6 25.4107 0.15 1 -0.809 0 0.5878
-1.9416 9.6 25.4107 0.15 1 -0.809 0 0.5878
-1.9416 11.2 25.4107 0.15 0 -0.809 0 0.5878
-2.4 11.2 24 0.25 0 -1 0 -0
-1.9416 11.2 22.5893 0.35 0 -0.809 0 -0.5878
-1.9416 9.6 22.5893 0.35 1 -0.809 0 -0.5878
-2.4 9.6 24 0.25 1 -1 0 -0
-2.4 9.6 24 0.25 1 -1 0 -0
-2.4 11.2 24 0.25 0 -1 0 -0
-1.9416 11.2 22.5893 0.35 0 -0.809 0 -0.5878
-0.7416 11.2 21.7175 0.45 0 -0.309 0 -0.9511
-0.7416 9.6 21.7175 0.45 1 -0.309 0 -0.9511
-1.9416 9.6 22.5893 0.35 1 -0.809 0 -0.5878
-1.9416 9.6 22.5893 0.35 1 -0.809 0 -0.5878
-1.9416 11.2 22.5893 0.35 0 -0.809 0 -0.5878
-0.7416 11.2 21.7175 0.45 0 -0.309 0 -0.9511
0.7416 11.2 21.7175 0.55 0 0.309 0 -0.9511
0.7416 9.6 21.7175 0.55 1 0.309 0 -0.9511
-0.7416 9.6 21.7175 0.45 1 -0.309 0 -0.9511
-0.7416 9.6 21.7175 0.45 1 -0.309 0 -0.9511
-0.7416 11.2 21.7175 0.45 0 -0.309 0 -0.9511
0.7416 11.2 21.7175 0.55 0 0.309 0 -0.9511
1.9416 11.2 22.5893 0.65 0 0.809 0 -0.5878
1.9416 9.6 22.5893 0.65 1 0.809 0 -0.5878
0.7416 9.6 21.7175 0.55 1 0.309 0 -0.9511
0.7416 9.6 21.7175 0.55 1 0.309 0 -0.9511
0.7416 11.2 21.7175 0.55 0 0.309 0 -0.9511
1.9416 11.2 22.5893 0.65 0 0.809 0 -0.5878
2.4 11.2 24 0.75 0 1 0 0
2.4 9.6 24 0.75 1 1 0 0
1.9416 9.6 22.5893 0.65 1 0.809 0 -0.5878
1.9416 9.6 22.5893 0.65 1 0.809 0 -0.5878
1.9416 11.2 22.5893 0.65 0 0.809 0 -0.5878
2.4 11.2 24 0.75 0 1 0 0
-0.7416 11.2 26.2825 0.0245 0.6545 0 1 0
0.7416 11.2 26.2825 0.0245 0.3455 0 1 0
1.9416 11.2 25.4107 0.2061 0.0955 0 1 0
-2.4 11.2 24 0.5 1 0 1 0
-1.9416 11.2 25.4107 0.2061 0.9045 0 1 0
-0.7416 11.2 26.2825 0.0245 0.6545 0 1 0
-0.7416 11.2 21.7175 0.9755 0.6545 0 1 0
-1.9416 11.2 22.5893 0.7939 0.9045 0 1 0
-2.4 11.2 24 0.5 1 0 1 0
1.9416 11.2 22.5893 0.7939 0.0955 0 1 0
0.7416 11.2 21.7175 0.9755 0.3455 0 1 0
-0.7416 11.2 21.7175 0.9755 0.6545 0 1 0
1.9416 11.2 22.5893 0.7939 0.0955 0 1 0
-0.7416 11.2 21.7175 0.9755 0.6545 0 1 0
-2.4 11.2 24 0.5 1 0 1 0
1.9416 11.2 22.5893 0.7939 0.0955 0 1 0
-2.4 11.2 24 0.5 1 0 1 0
-0.7416 11.2 26.2825 0.0245 0.6545 0 1 0
1.9416 11.2 22.5893 0.7939 0.0955 0 1 0
-0.7416 11.2 26.2825 0.0245 0.6545 0 1 0
1.9416 11.2 25.4107 0.2061 0.0955 0 1 0
1.9416 11.2 22.5893 0.7939 0.0955 0 1 0
1.9416 11.2 25.4107 0.2061 0.0955 0 1 0
2.4 11.2 24 0.5 0 0 1 0
1.9416 11.2 17.4107 0.85 0 0.809 0 0.5878
1.9416 9.6 17.4107 0.85 1 0.809 0 0.5878
2.4 9.6 16 0.75 1 1 0 0
2.4 9.6 16 0.75 1 1 0 0
2.4 11.2 16 0.75 0 1 0 0
1.9416 11.2 17.4107 0.85 0 0.809 0 0.5878
0.7416 11.2 18.2825 0.95 0 0.309 0 0.9511
0.7416 9.6 18.2825 0.95 1 0.309 0 0.9511
1.9416 9.6 17.4107 0.85 1 0.809 0 0.5878
1.9416 9.6 17.4107 0.85 1 0.809 0 0.5878
1.9416 11.2 17.4107 0.85 0 0.809 0 0.5878
0.7416 11.2 18.2825 0.95 0 0.309 0 0.9511
-0.7416 11.2 18.2825 1.05 0 -0.309 0 0.9511
-0.7416 9.6 18.2825 1.05 1 -0.309 0 0.9511
0.7416 9.6 18.2825 0.95 1 0.309 0 0.9511
0.7416 9.6 18.2825 0.95 1 0.309 0 0.9511
0.7416 11.2 18.2825 0.95 0 0.309 0 0.9511
-0.7416 11.2 18.2825 1.05 0 -0.309 0 0.9511
-1.9416 11.2 17.4107 0.15 0 -0.809 0 0.5878
-1.9416 9.6 17.4107 0.15 1 -0.809 0 0.5878
-0.7416 9.6 18.2825 0.05 1 -0.309 0 0.9511
-0.7416 9.6 18.2825 0.05 1 -0.309 0 0.9511
-0.7416 11.2 18.2825 0.05 0 -0.309 0 0.9511
-1.9416 11.2 17.4107 0.15 0 -0.809 0 0.5878
-2.4 11.2 16 0.25 0 -1 0 -0
-2.4 9.6 16 0.25 1 -1 0 -0
-1.9416 9.6 17.4107 0.15 1 -0.809 0 0.5878
-1.9416 9.6 17.4107 0.15 1 -0.809 0 0.5878
-1.9416 11.2 17.4107 0.15 0 -0.809 0 0.5878
-2.4 11.2 16 0.25 0 -1 0 -0
-1.9416 11.2 14.5893 0.35 0 -0.809 0 -0.5878
-1.9416 9.6 14.5893 0.35 1 -0.809 0 -0.5878
-2.4 9.6 16 0.25 1 -1 0 -0
-2.4 9.6 16 0.25 1 -1 0 -0
-2.4 11.2 16 0.25 0 -1 0 -0
-1.9416 11.2 14.5893 0.35 0 -0.809 0 -0.5878
-0.7416 11.2 13.7175 0.45 0 -0.309 0 -0.9511
-0.7416 9.6 13.7175 0.45 1 -0.309 0 -0.9511
-1.9416 9.6 14.5893 0.35 1 -0.809 0 -0.5878
-1.9416 9.6 14.5893 0.35 1 -0.809 0 -0.5878
-1.9416 11.2 14.5893 0.35 0 -0.809 0 -0.5878
-0.7416 11.2 13.7175 0.45 0 -0.309 0 -0.9511
0.7416 11.2 13.7175 0.55 0 0.309 0 -0.9511
0.7416 9.6 13.7175 0.55 1 0.309 0 -0.9511
-0.7416 9.6 13.7175 0.45 1 -0.309 0 -0.9511
-0.7416 9.6 13.7175 0.45 1 -0.309 0 -0.9511
-0.7416 11.2 13.7175 0.45 0 -0.309 0 -0.9511
0.7416 11.2 13.7175 0.55 0 0.309 0 -0.9511
1.9416 11.2 14.5893 0.65 0 0.809 0 -0.5878
1.9416 9.6 14.5893 0.65 1 0.809 0 -0.5878
0.7416 9.6 13.7175 0.55 1 0.309 0 -0.9511
0.7416 9.6 13.7175 0.55 1 0.309 0 -0.9511
0.7416 11.2 13.7175 0.55 0 0.309 0 -0.9511
1.9416 11.2 14.5893 0.65 0 0.809 0 -0.5878
2.4 11.2 16 0.75 0 1 0 0
2.4 9.6 16 0.75 1 1 0 0
1.9416 9.6 14.5893 0.65 1 0.809 0 -0.5878
1.9416 9.6 14.5893 0.65 1 0.809 0 -0.5878
1.9416 11.2 14.5893 0.65 0 0.809 0 -0.5878
2.4 11.2 16 0.75 0 1 0 0
-0.7416 11.2 18.2825 0.0245 0.6545 0 1 0
0.7416 11.2 18.2825 0.0245 0.3455 0 1 0
1.9416 11.2 17.4107 0.2061 0.0955 0 1 0
-2.4 11.2 16 0.5 1 0 1 0
-1.9416 11.2 17.4107 0.2061 0.9045 0 1 0
-0.7416 11.2 18.2825 0.0245 0.6545 0 1 0
-0.7416 11.2 13.7175 0.9755 0.6545 0 1 0
-1.9416 11.2 14.5893 0.7939 0.9045 0 1 0
-2.4 11.2 16 0.5 1 0 1 0
1.9416 11.2 14.5893 0.7939 0.0955 0 1 0
0.7416 11.2 13.7175 0.9755 0.3455 0 1 0
-0.7416 11.2 13.7175 0.9755 0.6545 0 1 0
1.9416 11.2 14.5893 0.7939 0.0955 0 1 0
-0.7416 11.2 13.7175 0.9755 0.6545 0 1 0
-2.4 11.2 16 0.5 1 0 1 0
1.9416 11.2 14.5893 0.7939 0.0955 0 1 0
-2.4 11.2 16 0.5 1 0 1 0
-0.7416 11.2 18.2825 0.0245 0.6545 0 1 0
1.9416 11.2 14.5893 0.7939 0.0955 0 1 0
-0.7416 11.2 18.2825 0.0245 0.6545 0 1 0
1.9416 11.2 17.4107 0.2061 0.0955 0 1 0
1.9416 11.2 14.5893 0.7939 0.0955 0 1 0
1.9416 11.2 17.4107 0.2061 0.0955 0 1 0
2.4 11.2 16 0.5 0 0 1 0
