Vertex Count: 559
Index Count: 2880

Data:

v -1.1418 29.4236 5.7403 0.0313 0.0625001 -0.0392 0.9796 0.1971
v -0 29.4236 5.8527 0 0.0625001 -0 0.9796 0.201
v 0 30 0 0 0 -0 1 0
v -2.2397 29.4236 5.4072 0.0625 0.0625001 -0.0769 0.9796 0.1857
v 0 30 0 0.0313 0 -0 1 0
v -3.2516 29.4236 4.8664 0.0938 0.0625001 -0.1117 0.9796 0.1671
v 0 30 0 0.0625 0 -0 1 0
v -4.1385 29.4236 4.1385 0.125 0.0625001 -0.1421 0.9796 0.1421
v 0 30 0 0.0938 0 -0 1 0
v -4.8664 29.4236 3.2516 0.1563 0.0625001 -0.1671 0.9796 0.1117
v 0 30 0 0.125 0 -0 1 0
v -5.4072 29.4236 2.2397 0.1875 0.0625001 -0.1857 0.9796 0.0769
v 0 30 0 0.1563 0 -0 1 0
v -5.7403 29.4236 1.1418 0.2187 0.0625001 -0.1971 0.9796 0.0392
v 0 30 0 0.1875 0 -0 1 0
v -5.8527 29.4236 -0 0.25 0.0625001 -0.201 0.9796 -0
v 0 30 0 0.2187 0 -0 1 0
v -5.7403 29.4236 -1.1418 0.2812 0.0625001 -0.1971 0.9796 -0.0392
v 0 30 0 0.25 0 -0 1 0
v -5.4072 29.4236 -2.2397 0.3125 0.0625001 -0.1857 0.9796 -0.0769
v 0 30 0 0.2812 0 -0 1 0
v -4.8663 29.4236 -3.2516 0.3437 0.0625001 -0.1671 0.9796 -0.1117
v 0 30 0 0.3125 0 -0 1 0
v -4.1385 29.4236 -4.1385 0.375 0.0625001 -0.1421 0.9796 -0.1421
v 0 30 0 0.3437 0 -0 1 0
v -3.2516 29.4236 -4.8664 0.4063 0.0625001 -0.1117 0.9796 -0.1671
v 0 30 0 0.375 0 -0 1 0
v -2.2397 29.4236 -5.4072 0.4375 0.0625001 -0.0769 0.9796 -0.1857
v 0 30 0 0.4063 0 -0 1 0
v -1.1418 29.4236 -5.7403 0.4688 0.0625001 -0.0392 0.9796 -0.1971
v 0 30 0 0.4375 0 -0 1 0
v 0 29.4236 -5.8527 0.5 0.0625001 0 0.9796 -0.201
v 0 30 0 0.4688 0 -0 1 0
v 1.1418 29.4236 -5.7403 0.5313 0.0625001 0.0392 0.9796 -0.1971
v 0 30 0 0.5 0 -0 1 0
v 2.2397 29.4236 -5.4072 0.5625 0.0625001 0.0769 0.9796 -0.1857
v 0 30 0 0.5313 0 -0 1 0
v 3.2516 29.4236 -4.8663 0.5938 0.0625001 0.1117 0.9796 -0.1671
v 0 30 0 0.5625 0 -0 1 0
v 4.1385 29.4236 -4.1385 0.625 0.0625001 0.1421 0.9796 -0.1421
v 0 30 0 0.5938 0 -0 1 0
v 4.8664 29.4236 -3.2516 0.6563 0.0625001 0.1671 0.9796 -0.1117
v 0 30 0 0.625 0 -0 1 0
v 5.4072 29.4236 -2.2397 0.6875 0.0625001 0.1857 0.9796 -0.0769
v 0 30 0 0.6563 0 -0 1 0
v 5.7403 29.4236 -1.1418 0.7188 0.0625001 0.1971 0.9796 -0.0392
v 0 30 0 0.6875 0 -0 1 0
v 5.8527 29.4236 0 0.75 0.0625001 0.201 0.9796 0
v 0 30 0 0.7188 0 -0 1 0
v 5.7402 29.4236 1.1418 0.7813 0.0625001 0.1971 0.9796 0.0392
v 0 30 0 0.75 0 -0 1 0
v 5.4072 29.4236 2.2397 0.8125 0.0625001 0.1857 0.9796 0.0769
v 0 30 0 0.7813 0 -0 1 0
v 4.8663 29.4236 3.2516 0.8438 0.0625001 0.1671 0.9796 0.1117
v 0 30 0 0.8125 0 -0 1 0
v 4.1385 29.4236 4.1385 0.875 0.0625001 0.1421 0.9796 0.1421
v 0 30 0 0.8438 0 -0 1 0
v 3.2516 29.4236 4.8664 0.9063 0.0625001 0.1117 0.9796 0.1671
v 0 30 0 0.875 0 -0 1 0
v 2.2397 29.4236 5.4072 0.9375 0.0625001 0.0769 0.9796 0.1857
v 0 30 0 0.9063 0 -0 1 0
v 1.1418 29.4236 5.7403 0.9688 0.0625001 0.0392 0.9796 0.1971
v 0 30 0 0.9375 0 -0 1 0
v -0 29.4236 5.8527 1 0.0625001 -0 0.9796 0.201
v 0 30 0 0.9688 0 -0 1 0
v -2.2397 27.7164 11.2599 0.0313 0.125 -0.0757 0.9217 0.3804
v -0 27.7164 11.4805 0 0.125 -0 0.9217 0.3879
v -4.3934 27.7164 10.6066 0.0625 0.125 -0.1484 0.9217 0.3584
v -6.3782 27.7164 9.5457 0.0938 0.125 -0.2155 0.9217 0.3225
v -8.1179 27.7164 8.1179 0.125 0.125 -0.2743 0.9217 0.2743
v -9.5457 27.7164 6.3782 0.1563 0.125 -0.3225 0.9217 0.2155
v -10.6066 27.7164 4.3934 0.1875 0.125 -0.3584 0.9217 0.1484
v -11.2599 27.7164 2.2397 0.2187 0.125 -0.3804 0.9217 0.0757
v -11.4805 27.7164 -0 0.25 0.125 -0.3879 0.9217 -0
v -11.2599 27.7164 -2.2397 0.2812 0.125 -0.3804 0.9217 -0.0757
v -10.6066 27.7164 -4.3934 0.3125 0.125 -0.3584 0.9217 -0.1484
v -9.5457 27.7164 -6.3782 0.3437 0.125 -0.3225 0.9217 -0.2155
v -8.1179 27.7164 -8.1179 0.375 0.125 -0.2743 0.9217 -0.2743
v -6.3782 27.7164 -9.5457 0.4063 0.125 -0.2155 0.9217 -0.3225
v -4.3934 27.7164 -10.6066 0.4375 0.125 -0.1484 0.9217 -0.3584
v -2.2397 27.7164 -11.2599 0.4688 0.125 -0.0757 0.9217 -0.3804
v 0 27.7164 -11.4805 0.5 0.125 0 0.9217 -0.3879
v 2.2397 27.7164 -11.2599 0.5313 0.125 0.0757 0.9217 -0.3804
v 4.3934 27.7164 -10.6066 0.5625 0.125 0.1484 0.9217 -0.3584
v 6.3782 27.7164 -9.5457 0.5938 0.125 0.2155 0.9217 -0.3225
v 8.118 27.7164 -8.1179 0.625 0.125 0.2743 0.9217 -0.2743
v 9.5457 27.7164 -6.3782 0.6563 0.125 0.3225 0.9217 -0.2155
v 10.6066 27.7164 -4.3934 0.6875 0.125 0.3584 0.9217 -0.1484
v 11.2599 27.7164 -2.2397 0.7188 0.125 0.3804 0.9217 -0.0757
v 11.4805 27.7164 0 0.75 0.125 0.3879 0.9217 0
v 11.2599 27.7164 2.2398 0.7813 0.125 0.3804 0.9217 0.0757
v 10.6066 27.7164 4.3934 0.8125 0.125 0.3584 0.9217 0.1484
v 9.5457 27.7164 6.3782 0.8438 0.125 0.3225 0.9217 0.2155
v 8.1179 27.7164 8.118 0.875 0.125 0.2743 0.9217 0.2743
v 6.3782 27.7164 9.5457 0.9063 0.125 0.2155 0.9217 0.3225
v 4.3934 27.7164 10.6066 0.9375 0.125 0.1484 0.9217 0.3584
v 2.2397 27.7164 11.2599 0.9688 0.125 0.0757 0.9217 0.3804
v -0 27.7164 11.4805 1 0.125 -0 0.9217 0.3879
v -3.2516 24.9441 16.3469 0.0313 0.1875 -0.1092 0.8286 0.549
v -0 24.9441 16.6671 0 0.1875 -0 0.8286 0.5598
v -6.3782 24.9441 15.3984 0.0625 0.1875 -0.2142 0.8286 0.5172
v -9.2597 24.9441 13.8582 0.0938 0.1875 -0.311 0.8286 0.4654
v -11.7854 24.9441 11.7854 0.125 0.1875 -0.3958 0.8286 0.3958
v -13.8582 24.9441 9.2597 0.1563 0.1875 -0.4654 0.8286 0.311
v -15.3984 24.9441 6.3782 0.1875 0.1875 -0.5172 0.8286 0.2142
v -16.3469 24.9441 3.2516 0.2187 0.1875 -0.549 0.8286 0.1092
v -16.6671 24.9441 -0 0.25 0.1875 -0.5598 0.8286 -0
v -16.3469 24.9441 -3.2516 0.2812 0.1875 -0.549 0.8286 -0.1092
v -15.3984 24.9441 -6.3782 0.3125 0.1875 -0.5172 0.8286 -0.2142
v -13.8582 24.9441 -9.2598 0.3437 0.1875 -0.4654 0.8286 -0.311
v -11.7854 24.9441 -11.7854 0.375 0.1875 -0.3958 0.8286 -0.3958
v -9.2597 24.9441 -13.8582 0.4063 0.1875 -0.311 0.8286 -0.4654
v -6.3782 24.9441 -15.3984 0.4375 0.1875 -0.2142 0.8286 -0.5172
v -3.2516 24.9441 -16.3469 0.4688 0.1875 -0.1092 0.8286 -0.549
v 0 24.9441 -16.6671 0.5 0.1875 0 0.8286 -0.5598
v 3.2516 24.9441 -16.3468 0.5313 0.1875 0.1092 0.8286 -0.549
v 6.3782 24.9441 -15.3984 0.5625 0.1875 0.2142 0.8286 -0.5172
v 9.2598 24.9441 -13.8582 0.5938 0.1875 0.311 0.8286 -0.4654
v 11.7854 24.9441 -11.7854 0.625 0.1875 0.3958 0.8286 -0.3958
v 13.8582 24.9441 -9.2597 0.6563 0.1875 0.4654 0.8286 -0.311
v 15.3984 24.9441 -6.3782 0.6875 0.1875 0.5172 0.8286 -0.2142
v 16.3469 24.9441 -3.2516 0.7188 0.1875 0.549 0.8286 -0.1092
v 16.6671 24.9441 0 0.75 0.1875 0.5598 0.8286 0
v 16.3468 24.9441 3.2516 0.7813 0.1875 0.549 0.8286 0.1092
v 15.3984 24.9441 6.3783 0.8125 0.1875 0.5172 0.8286 0.2142
v 13.8582 24.9441 9.2598 0.8438 0.1875 0.4654 0.8286 0.311
v 11.7854 24.9441 11.7854 0.875 0.1875 0.3958 0.8286 0.3958
v 9.2597 24.9441 13.8582 0.9063 0.1875 0.311 0.8286 0.4654
v 6.3782 24.9441 15.3984 0.9375 0.1875 0.2142 0.8286 0.5172
v 3.2516 24.9441 16.3469 0.9688 0.1875 0.1092 0.8286 0.549
v -0 24.9441 16.6671 1 0.1875 -0 0.8286 0.5598
v -4.1385 21.2132 20.8056 0.0313 0.25 -0.1385 0.7041 0.6965
v -0 21.2132 21.2132 0 0.25 -0 0.7041 0.7101
v -8.1179 21.2132 19.5984 0.0625 0.25 -0.2718 0.7041 0.6561
v -11.7854 21.2132 17.6381 0.0938 0.25 -0.3945 0.7041 0.5905
v -15 21.2132 15 0.125 0.25 -0.5021 0.7041 0.5021
v -17.6381 21.2132 11.7854 0.1563 0.25 -0.5905 0.7041 0.3945
v -19.5984 21.2132 8.1179 0.1875 0.25 -0.6561 0.7041 0.2718
v -20.8056 21.2132 4.1385 0.2187 0.25 -0.6965 0.7041 0.1385
v -21.2132 21.2132 -0 0.25 0.25 -0.7101 0.7041 -0
v -20.8056 21.2132 -4.1385 0.2812 0.25 -0.6965 0.7041 -0.1385
v -19.5984 21.2132 -8.118 0.3125 0.25 -0.6561 0.7041 -0.2718
v -17.6381 21.2132 -11.7854 0.3437 0.25 -0.5905 0.7041 -0.3945
v -15 21.2132 -15 0.375 0.25 -0.5021 0.7041 -0.5021
v -11.7854 21.2132 -17.6381 0.4063 0.25 -0.3945 0.7041 -0.5905
v -8.1179 21.2132 -19.5985 0.4375 0.25 -0.2718 0.7041 -0.6561
v -4.1385 21.2132 -20.8056 0.4688 0.25 -0.1385 0.7041 -0.6965
v 0 21.2132 -21.2132 0.5 0.25 0 0.7041 -0.7101
v 4.1385 21.2132 -20.8056 0.5313 0.25 0.1385 0.7041 -0.6965
v 8.118 21.2132 -19.5984 0.5625 0.25 0.2718 0.7041 -0.6561
v 11.7854 21.2132 -17.6381 0.5938 0.25 0.3945 0.7041 -0.5905
v 15 21.2132 -15 0.625 0.25 0.5021 0.7041 -0.5021
v 17.6381 21.2132 -11.7854 0.6563 0.25 0.5905 0.7041 -0.3945
v 19.5985 21.2132 -8.1179 0.6875 0.25 0.6561 0.7041 -0.2718
v 20.8056 21.2132 -4.1385 0.7188 0.25 0.6965 0.7041 -0.1385
v 21.2132 21.2132 0 0.75 0.25 0.7101 0.7041 0
v 20.8056 21.2132 4.1385 0.7813 0.25 0.6965 0.7041 0.1385
v 19.5984 21.2132 8.118 0.8125 0.25 0.6561 0.7041 0.2718
v 17.6381 21.2132 11.7855 0.8438 0.25 0.5905 0.7041 0.3945
v 15 21.2132 15 0.875 0.25 0.5021 0.7041 0.5021
v 11.7854 21.2132 17.6382 0.9063 0.25 0.3945 0.7041 0.5905
v 8.1179 21.2132 19.5985 0.9375 0.25 0.2718 0.7041 0.6561
v 4.1384 21.2132 20.8056 0.9688 0.25 0.1385 0.7041 0.6965
v -0 21.2132 21.2132 1 0.25 -0 0.7041 0.7101
v -4.8664 16.6671 24.4648 0.0313 0.3125 -0.1626 0.5528 0.8173
v -0 16.6671 24.9441 0 0.3125 -0 0.5528 0.8333
v -9.5457 16.6671 23.0453 0.0625 0.3125 -0.3189 0.5528 0.7699
v -13.8582 16.6671 20.7403 0.0938 0.3125 -0.463 0.5528 0.6929
v -17.6381 16.6671 17.6381 0.125 0.3125 -0.5893 0.5528 0.5893
v -20.7403 16.6671 13.8582 0.1563 0.3125 -0.6929 0.5528 0.463
v -23.0453 16.6671 9.5457 0.1875 0.3125 -0.7699 0.5528 0.3189
v -24.4648 16.6671 4.8663 0.2187 0.3125 -0.8173 0.5528 0.1626
v -24.9441 16.6671 -0 0.25 0.3125 -0.8333 0.5528 -0
v -24.4648 16.6671 -4.8664 0.2812 0.3125 -0.8173 0.5528 -0.1626
v -23.0453 16.6671 -9.5457 0.3125 0.3125 -0.7699 0.5528 -0.3189
v -20.7402 16.6671 -13.8582 0.3437 0.3125 -0.6929 0.5528 -0.463
v -17.6381 16.6671 -17.6381 0.375 0.3125 -0.5893 0.5528 -0.5893
v -13.8582 16.6671 -20.7403 0.4063 0.3125 -0.463 0.5528 -0.6929
v -9.5457 16.6671 -23.0453 0.4375 0.3125 -0.3189 0.5528 -0.7699
v -4.8663 16.6671 -24.4648 0.4688 0.3125 -0.1626 0.5528 -0.8173
v 0 16.6671 -24.9441 0.5 0.3125 0 0.5528 -0.8333
v 4.8664 16.6671 -24.4648 0.5313 0.3125 0.1626 0.5528 -0.8173
v 9.5457 16.6671 -23.0453 0.5625 0.3125 0.3189 0.5528 -0.7699
v 13.8582 16.6671 -20.7402 0.5938 0.3125 0.463 0.5528 -0.6929
v 17.6382 16.6671 -17.6381 0.625 0.3125 0.5893 0.5528 -0.5893
v 20.7403 16.6671 -13.8582 0.6563 0.3125 0.6929 0.5528 -0.463
v 23.0453 16.6671 -9.5457 0.6875 0.3125 0.7699 0.5528 -0.3189
v 24.4648 16.6671 -4.8663 0.7188 0.3125 0.8173 0.5528 -0.1626
v 24.9441 16.6671 0 0.75 0.3125 0.8333 0.5528 0
v 24.4648 16.6671 4.8664 0.7813 0.3125 0.8173 0.5528 0.1626
v 23.0453 16.6671 9.5457 0.8125 0.3125 0.7699 0.5528 0.3189
v 20.7402 16.6671 13.8582 0.8438 0.3125 0.6929 0.5528 0.463
v 17.6381 16.6671 17.6382 0.875 0.3125 0.5893 0.5528 0.5893
v 13.8582 16.6671 20.7403 0.9063 0.3125 0.463 0.5528 0.6929
v 9.5456 16.6671 23.0454 0.9375 0.3125 0.3189 0.5528 0.7699
v 4.8663 16.6671 24.4648 0.9688 0.3125 0.1626 0.5528 0.8173
v -0 16.6671 24.9441 1 0.3125 -0 0.5528 0.8333
v -5.4072 11.4805 27.1838 0.0313 0.375 -0.1804 0.3805 0.907
v -0 11.4805 27.7164 0 0.375 -0 0.3805 0.9248
v -10.6066 11.4805 25.6066 0.0625 0.375 -0.3539 0.3805 0.8544
v -15.3984 11.4805 23.0453 0.0938 0.375 -0.5138 0.3805 0.7689
v -19.5984 11.4805 19.5984 0.125 0.375 -0.6539 0.3805 0.6539
v -23.0453 11.4805 15.3984 0.1563 0.375 -0.7689 0.3805 0.5138
v -25.6066 11.4805 10.6066 0.1875 0.375 -0.8544 0.3805 0.3539
v -27.1838 11.4805 5.4072 0.2187 0.375 -0.907 0.3805 0.1804
v -27.7164 11.4805 -0 0.25 0.375 -0.9248 0.3805 -0
v -27.1838 11.4805 -5.4072 0.2812 0.375 -0.907 0.3805 -0.1804
v -25.6066 11.4805 -10.6066 0.3125 0.375 -0.8544 0.3805 -0.3539
v -23.0453 11.4805 -15.3984 0.3437 0.375 -0.7689 0.3805 -0.5138
v -19.5984 11.4805 -19.5985 0.375 0.375 -0.6539 0.3805 -0.6539
v -15.3984 11.4805 -23.0453 0.4063 0.375 -0.5138 0.3805 -0.7689
v -10.6066 11.4805 -25.6066 0.4375 0.375 -0.3539 0.3805 -0.8544
v -5.4072 11.4805 -27.1838 0.4688 0.375 -0.1804 0.3805 -0.907
v 0 11.4805 -27.7164 0.5 0.375 0 0.3805 -0.9248
v 5.4072 11.4805 -27.1838 0.5313 0.375 0.1804 0.3805 -0.907
v 10.6066 11.4805 -25.6066 0.5625 0.375 0.3539 0.3805 -0.8544
v 15.3984 11.4805 -23.0453 0.5938 0.375 0.5138 0.3805 -0.7689
v 19.5985 11.4805 -19.5984 0.625 0.375 0.6539 0.3805 -0.6539
v 23.0454 11.4805 -15.3984 0.6563 0.375 0.7689 0.3805 -0.5138
v 25.6066 11.4805 -10.6066 0.6875 0.375 0.8544 0.3805 -0.3539
v 27.1838 11.4805 -5.4072 0.7188 0.375 0.907 0.3805 -0.1804
v 27.7164 11.4805 0 0.75 0.375 0.9248 0.3805 0
v 27.1838 11.4805 5.4072 0.7813 0.375 0.907 0.3805 0.1804
v 25.6066 11.4805 10.6066 0.8125 0.375 0.8544 0.3805 0.3539
v 23.0453 11.4805 15.3984 0.8438 0.375 0.7689 0.3805 0.5138
v 19.5984 11.4805 19.5985 0.875 0.375 0.6539 0.3805 0.6539
v 15.3984 11.4805 23.0454 0.9063 0.375 0.5138 0.3805 0.7689
v 10.6065 11.4805 25.6066 0.9375 0.375 0.3539 0.3805 0.8544
v 5.4071 11.4805 27.1838 0.9688 0.375 0.1804 0.3805 0.907
v -0 11.4805 27.7164 1 0.375 -0 0.3805 0.9248
v -5.7403 5.8527 28.8582 0.0313 0.4375 -0.1914 0.1939 0.9622
v -0 5.8527 29.4236 0 0.4375 -0 0.1939 0.981
v -11.2599 5.8527 27.1838 0.0625 0.4375 -0.3754 0.1939 0.9063
v -16.3469 5.8527 24.4648 0.0938 0.4375 -0.545 0.1939 0.8157
v -20.8056 5.8527 20.8056 0.125 0.4375 -0.6937 0.1939 0.6937
v -24.4648 5.8527 16.3469 0.1563 0.4375 -0.8157 0.1939 0.545
v -27.1838 5.8527 11.2599 0.1875 0.4375 -0.9063 0.1939 0.3754
v -28.8582 5.8527 5.7402 0.2187 0.4375 -0.9622 0.1939 0.1914
v -29.4236 5.8527 -0 0.25 0.4375 -0.981 0.1939 -0
v -28.8582 5.8527 -5.7403 0.2812 0.4375 -0.9622 0.1939 -0.1914
v -27.1838 5.8527 -11.2599 0.3125 0.4375 -0.9063 0.1939 -0.3754
v -24.4648 5.8527 -16.3469 0.3437 0.4375 -0.8157 0.1939 -0.545
v -20.8056 5.8527 -20.8056 0.375 0.4375 -0.6937 0.1939 -0.6937
v -16.3468 5.8527 -24.4648 0.4063 0.4375 -0.545 0.1939 -0.8157
v -11.2599 5.8527 -27.1838 0.4375 0.4375 -0.3754 0.1939 -0.9063
v -5.7402 5.8527 -28.8582 0.4688 0.4375 -0.1914 0.1939 -0.9622
v 0 5.8527 -29.4236 0.5 0.4375 0 0.1939 -0.981
v 5.7403 5.8527 -28.8582 0.5313 0.4375 0.1914 0.1939 -0.9622
v 11.2599 5.8527 -27.1838 0.5625 0.4375 0.3754 0.1939 -0.9063
v 16.3469 5.8527 -24.4648 0.5938 0.4375 0.545 0.1939 -0.8157
v 20.8056 5.8527 -20.8056 0.625 0.4375 0.6937 0.1939 -0.6937
v 24.4648 5.8527 -16.3468 0.6563 0.4375 0.8157 0.1939 -0.545
v 27.1838 5.8527 -11.2599 0.6875 0.4375 0.9063 0.1939 -0.3754
v 28.8582 5.8527 -5.7402 0.7188 0.4375 0.9622 0.1939 -0.1914
v 29.4236 5.8527 0 0.75 0.4375 0.981 0.1939 0
v 28.8582 5.8527 5.7403 0.7813 0.4375 0.9622 0.1939 0.1914
v 27.1838 5.8527 11.26 0.8125 0.4375 0.9063 0.1939 0.3754
v 24.4648 5.8527 16.3469 0.8438 0.4375 0.8157 0.1939 0.545
v 20.8056 5.8527 20.8056 0.875 0.4375 0.6937 0.1939 0.6937
v 16.3468 5.8527 24.4648 0.9063 0.4375 0.545 0.1939 0.8157
v 11.2599 5.8527 27.1838 0.9375 0.4375 0.3754 0.1939 0.9063
v 5.7402 5.8527 28.8582 0.9688 0.4375 0.1914 0.1939 0.9622
v -0 5.8527 29.4236 1 0.4375 -0 0.1939 0.981
v -5.8527 0 29.4236 0.0313 0.5 -0.1951 0 0.9808
v -0 0 30 0 0.5 -0 0 1
v -11.4805 0 27.7164 0.0625 0.5 -0.3827 0 0.9239
v -16.6671 0 24.9441 0.0938 0.5 -0.5556 0 0.8315
v -21.2132 0 21.2132 0.125 0.5 -0.7071 0 0.7071
v -24.9441 0 16.6671 0.1563 0.5 -0.8315 0 0.5556
v -27.7164 0 11.4805 0.1875 0.5 -0.9239 0 0.3827
v -29.4236 0 5.8527 0.2187 0.5 -0.9808 0 0.1951
v -30 0 -0 0.25 0.5 -1 0 -0
v -29.4236 0 -5.8527 0.2812 0.5 -0.9808 0 -0.1951
v -27.7164 0 -11.4805 0.3125 0.5 -0.9239 0 -0.3827
v -24.9441 0 -16.6671 0.3437 0.5 -0.8315 0 -0.5556
v -21.2132 0 -21.2132 0.375 0.5 -0.7071 0 -0.7071
v -16.6671 0 -24.9441 0.4063 0.5 -0.5556 0 -0.8315
v -11.4805 0 -27.7164 0.4375 0.5 -0.3827 0 -0.9239
v -5.8527 0 -29.4236 0.4688 0.5 -0.1951 0 -0.9808
v 0 0 -30 0.5 0.5 0 0 -1
v 5.8527 0 -29.4236 0.5313 0.5 0.1951 0 -0.9808
v 11.4805 0 -27.7164 0.5625 0.5 0.3827 0 -0.9239
v 16.6671 0 -24.9441 0.5938 0.5 0.5556 0 -0.8315
v 21.2132 0 -21.2132 0.625 0.5 0.7071 0 -0.7071
v 24.9441 0 -16.6671 0.6563 0.5 0.8315 0 -0.5556
v 27.7164 0 -11.4805 0.6875 0.5 0.9239 0 -0.3827
v 29.4236 0 -5.8527 0.7188 0.5 0.9808 0 -0.1951
v 30 0 0 0.75 0.5 1 0 0
v 29.4235 0 5.8528 0.7813 0.5 0.9808 0 0.1951
v 27.7164 0 11.4806 0.8125 0.5 0.9239 0 0.3827
v 24.9441 0 16.6672 0.8438 0.5 0.8315 0 0.5556
v 21.2132 0 21.2132 0.875 0.5 0.7071 0 0.7071
v 16.6671 0 24.9441 0.9063 0.5 0.5556 0 0.8315
v 11.4804 0 27.7164 0.9375 0.5 0.3827 0 0.9239
v 5.8526 0 29.4236 0.9688 0.5 0.1951 0 0.9808
v -0 0 30 1 0.5 -0 0 1
v -5.7403 -5.8527 28.8582 0.0313 0.5625 -0.1914 -0.1939 0.9622
v -0 -5.8527 29.4236 0 0.5625 -0 -0.1939 0.981
v -11.2599 -5.8527 27.1838 0.0625 0.5625 -0.3754 -0.1939 0.9063
v -16.3469 -5.8527 24.4648 0.0938 0.5625 -0.545 -0.1939 0.8157
v -20.8056 -5.8527 20.8056 0.125 0.5625 -0.6937 -0.1939 0.6937
v -24.4648 -5.8527 16.3469 0.1563 0.5625 -0.8157 -0.1939 0.545
v -27.1838 -5.8527 11.2599 0.1875 0.5625 -0.9063 -0.1939 0.3754
v -28.8582 -5.8527 5.7402 0.2187 0.5625 -0.9622 -0.1939 0.1914
v -29.4236 -5.8527 -0 0.25 0.5625 -0.981 -0.1939 -0
v -28.8582 -5.8527 -5.7403 0.2812 0.5625 -0.9622 -0.1939 -0.1914
v -27.1838 -5.8527 -11.2599 0.3125 0.5625 -0.9063 -0.1939 -0.3754
v -24.4648 -5.8527 -16.3469 0.3437 0.5625 -0.8157 -0.1939 -0.545
v -20.8056 -5.8527 -20.8056 0.375 0.5625 -0.6937 -0.1939 -0.6937
v -16.3468 -5.8527 -24.4648 0.4063 0.5625 -0.545 -0.1939 -0.8157
v -11.2599 -5.8527 -27.1838 0.4375 0.5625 -0.3754 -0.1939 -0.9063
v -5.7402 -5.8527 -28.8582 0.4688 0.5625 -0.1914 -0.1939 -0.9622
v 0 -5.8527 -29.4236 0.5 0.5625 0 -0.1939 -0.981
v 5.7403 -5.8527 -28.8582 0.5313 0.5625 0.1914 -0.1939 -0.9622
v 11.2599 -5.8527 -27.1838 0.5625 0.5625 0.3754 -0.1939 -0.9063
v 16.3469 -5.8527 -24.4648 0.5938 0.5625 0.545 -0.1939 -0.8157
v 20.8056 -5.8527 -20.8056 0.625 0.5625 0.6937 -0.1939 -0.6937
v 24.4648 -5.8527 -16.3468 0.6563 0.5625 0.8157 -0.1939 -0.545
v 27.1838 -5.8527 -11.2599 0.6875 0.5625 0.9063 -0.1939 -0.3754
v 28.8582 -5.8527 -5.7402 0.7188 0.5625 0.9622 -0.1939 -0.1914
v 29.4236 -5.8527 0 0.75 0.5625 0.981 -0.1939 0
v 28.8582 -5.8527 5.7403 0.7813 0.5625 0.9622 -0.1939 0.1914
v 27.1838 -5.8527 11.26 0.8125 0.5625 0.9063 -0.1939 0.3754
v 24.4648 -5.8527 16.3469 0.8438 0.5625 0.8157 -0.1939 0.545
v 20.8056 -5.8527 20.8056 0.875 0.5625 0.6937 -0.1939 0.6937
v 16.3468 -5.8527 24.4648 0.9063 0.5625 0.545 -0.1939 0.8157
v 11.2599 -5.8527 27.1838 0.9375 0.5625 0.3754 -0.1939 0.9063
v 5.7402 -5.8527 28.8582 0.9688 0.5625 0.1914 -0.1939 0.9622
v -0 -5.8527 29.4236 1 0.5625 -0 -0.1939 0.981
v -5.4072 -11.4805 27.1838 0.0313 0.625 -0.1804 -0.3805 0.907
v -0 -11.4805 27.7164 0 0.625 -0 -0.3805 0.9248
v -10.6066 -11.4805 25.6066 0.0625 0.625 -0.3539 -0.3805 0.8544
v -15.3984 -11.4805 23.0453 0.0938 0.625 -0.5138 -0.3805 0.7689
v -19.5984 -11.4805 19.5984 0.125 0.625 -0.6539 -0.3805 0.6539
v -23.0453 -11.4805 15.3984 0.1563 0.625 -0.7689 -0.3805 0.5138
v -25.6066 -11.4805 10.6066 0.1875 0.625 -0.8544 -0.3805 0.3539
v -27.1838 -11.4805 5.4072 0.2187 0.625 -0.907 -0.3805 0.1804
v -27.7164 -11.4805 -0 0.25 0.625 -0.9248 -0.3805 -0
v -27.1838 -11.4805 -5.4072 0.2812 0.625 -0.907 -0.3805 -0.1804
v -25.6066 -11.4805 -10.6066 0.3125 0.625 -0.8544 -0.3805 -0.3539
v -23.0453 -11.4805 -15.3984 0.3437 0.625 -0.7689 -0.3805 -0.5138
v -19.5984 -11.4805 -19.5985 0.375 0.625 -0.6539 -0.3805 -0.6539
v -15.3984 -11.4805 -23.0453 0.4063 0.625 -0.5138 -0.3805 -0.7689
v -10.6066 -11.4805 -25.6066 0.4375 0.625 -0.3539 -0.3805 -0.8544
v -5.4072 -11.4805 -27.1838 0.4688 0.625 -0.1804 -0.3805 -0.907
v 0 -11.4805 -27.7164 0.5 0.625 0 -0.3805 -0.9248
v 5.4072 -11.4805 -27.1838 0.5313 0.625 0.1804 -0.3805 -0.907
v 10.6066 -11.4805 -25.6066 0.5625 0.625 0.3539 -0.3805 -0.8544
v 15.3984 -11.4805 -23.0453 0.5938 0.625 0.5138 -0.3805 -0.7689
v 19.5985 -11.4805 -19.5984 0.625 0.625 0.6539 -0.3805 -0.6539
v 23.0454 -11.4805 -15.3984 0.6563 0.625 0.7689 -0.3805 -0.5138
v 25.6066 -11.4805 -10.6066 0.6875 0.625 0.8544 -0.3805 -0.3539
v 27.1838 -11.4805 -5.4072 0.7188 0.625 0.907 -0.3805 -0.1804
v 27.7164 -11.4805 0 0.75 0.625 0.9248 -0.3805 0
v 27.1838 -11.4805 5.4072 0.7813 0.625 0.907 -0.3805 0.1804
v 25.6066 -11.4805 10.6066 0.8125 0.625 0.8544 -0.3805 0.3539
v 23.0453 -11.4805 15.3984 0.8438 0.625 0.7689 -0.3805 0.5138
v 19.5984 -11.4805 19.5985 0.875 0.625 0.6539 -0.3805 0.6539
v 15.3984 -11.4805 23.0454 0.9063 0.625 0.5138 -0.3805 0.7689
v 10.6065 -11.4805 25.6066 0.9375 0.625 0.3539 -0.3805 0.8544
v 5.4071 -11.4805 27.1838 0.9688 0.625 0.1804 -0.3805 0.907
v -0 -11.4805 27.7164 1 0.625 -0 -0.3805 0.9248
v -4.8664 -16.6671 24.4648 0.0313 0.6875 -0.1626 -0.5528 0.8173
v -0 -16.6671 24.9441 0 0.6875 -0 -0.5528 0.8333
v -9.5457 -16.6671 23.0453 0.0625 0.6875 -0.3189 -0.5528 0.7699
v -13.8582 -16.6671 20.7403 0.0938 0.6875 -0.463 -0.5528 0.6929
v -17.6381 -16.6671 17.6381 0.125 0.6875 -0.5893 -0.5528 0.5893
v -20.7403 -16.6671 13.8582 0.1563 0.6875 -0.6929 -0.5528 0.463
v -23.0453 -16.6671 9.5457 0.1875 0.6875 -0.7699 -0.5528 0.3189
v -24.4648 -16.6671 4.8663 0.2187 0.6875 -0.8173 -0.5528 0.1626
v -24.9441 -16.6671 -0 0.25 0.6875 -0.8333 -0.5528 -0
v -24.4648 -16.6671 -4.8664 0.2812 0.6875 -0.8173 -0.5528 -0.1626
v -23.0453 -16.6671 -9.5457 0.3125 0.6875 -0.7699 -0.5528 -0.3189
v -20.7402 -16.6671 -13.8582 0.3437 0.6875 -0.6929 -0.5528 -0.463
v -17.6381 -16.6671 -17.6381 0.375 0.6875 -0.5893 -0.5528 -0.5893
v -13.8582 -16.6671 -20.7403 0.4063 0.6875 -0.463 -0.5528 -0.6929
v -9.5457 -16.6671 -23.0453 0.4375 0.6875 -0.3189 -0.5528 -0.7699
v -4.8663 -16.6671 -24.4648 0.4688 0.6875 -0.1626 -0.5528 -0.8173
v 0 -16.6671 -24.9441 0.5 0.6875 0 -0.5528 -0.8333
v 4.8664 -16.6671 -24.4648 0.5313 0.6875 0.1626 -0.5528 -0.8173
v 9.5457 -16.6671 -23.0453 0.5625 0.6875 0.3189 -0.5528 -0.7699
v 13.8582 -16.6671 -20.7402 0.5938 0.6875 0.463 -0.5528 -0.6929
v 17.6382 -16.6671 -17.6381 0.625 0.6875 0.5893 -0.5528 -0.5893
v 20.7403 -16.6671 -13.8582 0.6563 0.6875 0.6929 -0.5528 -0.463
v 23.0453 -16.6671 -9.5457 0.6875 0.6875 0.7699 -0.5528 -0.3189
v 24.4648 -16.6671 -4.8663 0.7188 0.6875 0.8173 -0.5528 -0.1626
v 24.9441 -16.6671 0 0.75 0.6875 0.8333 -0.5528 0
v 24.4648 -16.6671 4.8664 0.7813 0.6875 0.8173 -0.5528 0.1626
v 23.0453 -16.6671 9.5457 0.8125 0.6875 0.7699 -0.5528 0.3189
v 20.7402 -16.6671 13.8582 0.8438 0.6875 0.6929 -0.5528 0.463
v 17.6381 -16.6671 17.6382 0.875 0.6875 0.5893 -0.5528 0.5893
v 13.8582 -16.6671 20.7403 0.9063 0.6875 0.463 -0.5528 0.6929
v 9.5456 -16.6671 23.0454 0.9375 0.6875 0.3189 -0.5528 0.7699
v 4.8663 -16.6671 24.4648 0.9688 0.6875 0.1626 -0.5528 0.8173
v -0 -16.6671 24.9441 1 0.6875 -0 -0.5528 0.8333
v -4.1385 -21.2132 20.8056 0.0313 0.75 -0.1385 -0.7041 0.6965
v -0 -21.2132 21.2132 0 0.75 -0 -0.7041 0.7101
v -8.1179 -21.2132 19.5984 0.0625 0.75 -0.2718 -0.7041 0.6561
v -11.7854 -21.2132 17.6381 0.0938 0.75 -0.3945 -0.7041 0.5905
v -15 -21.2132 15 0.125 0.75 -0.5021 -0.7041 0.5021
v -17.6381 -21.2132 11.7854 0.1563 0.75 -0.5905 -0.7041 0.3945
v -19.5984 -21.2132 8.1179 0.1875 0.75 -0.6561 -0.7041 0.2718
v -20.8056 -21.2132 4.1385 0.2187 0.75 -0.6965 -0.7041 0.1385
v -21.2132 -21.2132 -0 0.25 0.75 -0.7101 -0.7041 -0
v -20.8056 -21.2132 -4.1385 0.2812 0.75 -0.6965 -0.7041 -0.1385
v -19.5984 -21.2132 -8.118 0.3125 0.75 -0.6561 -0.7041 -0.2718
v -17.6381 -21.2132 -11.7854 0.3437 0.75 -0.5905 -0.7041 -0.3945
v -15 -21.2132 -15 0.375 0.75 -0.5021 -0.7041 -0.5021
v -11.7854 -21.2132 -17.6381 0.4063 0.75 -0.3945 -0.7041 -0.5905
v -8.1179 -21.2132 -19.5985 0.4375 0.75 -0.2718 -0.7041 -0.6561
v -4.1385 -21.2132 -20.8056 0.4688 0.75 -0.1385 -0.7041 -0.6965
v 0 -21.2132 -21.2132 0.5 0.75 0 -0.7041 -0.7101
v 4.1385 -21.2132 -20.8056 0.5313 0.75 0.1385 -0.7041 -0.6965
v 8.118 -21.2132 -19.5984 0.5625 0.75 0.2718 -0.7041 -0.6561
v 11.7854 -21.2132 -17.6381 0.5938 0.75 0.3945 -0.7041 -0.5905
v 15 -21.2132 -15 0.625 0.75 0.5021 -0.7041 -0.5021
v 17.6381 -21.2132 -11.7854 0.6563 0.75 0.5905 -0.7041 -0.3945
v 19.5985 -21.2132 -8.1179 0.6875 0.75 0.6561 -0.7041 -0.2718
v 20.8056 -21.2132 -4.1385 0.7188 0.75 0.6965 -0.7041 -0.1385
v 21.2132 -21.2132 0 0.75 0.75 0.7101 -0.7041 0
v 20.8056 -21.2132 4.1385 0.7813 0.75 0.6965 -0.7041 0.1385
v 19.5984 -21.2132 8.118 0.8125 0.75 0.6561 -0.7041 0.2718
v 17.6381 -21.2132 11.7855 0.8438 0.75 0.5905 -0.7041 0.3945
v 15 -21.2132 15 0.875 0.75 0.5021 -0.7041 0.5021
v 11.7854 -21.2132 17.6382 0.9063 0.75 0.3945 -0.7041 0.5905
v 8.1179 -21.2132 19.5985 0.9375 0.75 0.2718 -0.7041 0.6561
v 4.1384 -21.2132 20.8056 0.9688 0.75 0.1385 -0.7041 0.6965
v -0 -21.2132 21.2132 1 0.75 -0 -0.7041 0.7101
v -3.2516 -24.9441 16.3469 0.0313 0.8125 -0.1092 -0.8286 0.549
v -0 -24.9441 16.6671 0 0.8125 -0 -0.8286 0.5598
v -6.3782 -24.9441 15.3984 0.0625 0.8125 -0.2142 -0.8286 0.5172
v -9.2597 -24.9441 13.8582 0.0938 0.8125 -0.311 -0.8286 0.4654
v -11.7854 -24.9441 11.7854 0.125 0.8125 -0.3958 -0.8286 0.3958
v -13.8582 -24.9441 9.2597 0.1563 0.8125 -0.4654 -0.8286 0.311
v -15.3984 -24.9441 6.3782 0.1875 0.8125 -0.5172 -0.8286 0.2142
v -16.3469 -24.9441 3.2516 0.2187 0.8125 -0.549 -0.8286 0.1092
v -16.6671 -24.9441 -0 0.25 0.8125 -0.5598 -0.8286 -0
v -16.3468 -24.9441 -3.2516 0.2812 0.8125 -0.549 -0.8286 -0.1092
v -15.3984 -24.9441 -6.3782 0.3125 0.8125 -0.5172 -0.8286 -0.2142
v -13.8582 -24.9441 -9.2598 0.3437 0.8125 -0.4654 -0.8286 -0.311
v -11.7854 -24.9441 -11.7854 0.375 0.8125 -0.3958 -0.8286 -0.3958
v -9.2597 -24.9441 -13.8582 0.4063 0.8125 -0.311 -0.8286 -0.4654
v -6.3782 -24.9441 -15.3984 0.4375 0.8125 -0.2142 -0.8286 -0.5172
v -3.2516 -24.9441 -16.3469 0.4688 0.8125 -0.1092 -0.8286 -0.549
v 0 -24.9441 -16.6671 0.5 0.8125 0 -0.8286 -0.5598
v 3.2516 -24.9441 -16.3468 0.5313 0.8125 0.1092 -0.8286 -0.549
v 6.3782 -24.9441 -15.3984 0.5625 0.8125 0.2142 -0.8286 -0.5172
v 9.2598 -24.9441 -13.8582 0.5938 0.8125 0.311 -0.8286 -0.4654
v 11.7854 -24.9441 -11.7854 0.625 0.8125 0.3958 -0.8286 -0.3958
v 13.8582 -24.9441 -9.2597 0.6563 0.8125 0.4654 -0.8286 -0.311
v 15.3984 -24.9441 -6.3782 0.6875 0.8125 0.5172 -0.8286 -0.2142
v 16.3469 -24.9441 -3.2516 0.7188 0.8125 0.549 -0.8286 -0.1092
v 16.6671 -24.9441 0 0.75 0.8125 0.5598 -0.8286 0
v 16.3468 -24.9441 3.2516 0.7813 0.8125 0.549 -0.8286 0.1092
v 15.3984 -24.9441 6.3783 0.8125 0.8125 0.5172 -0.8286 0.2142
v 13.8582 -24.9441 9.2598 0.8438 0.8125 0.4654 -0.8286 0.311
v 11.7854 -24.9441 11.7854 0.875 0.8125 0.3958 -0.8286 0.3958
v 9.2597 -24.9441 13.8582 0.9063 0.8125 0.311 -0.8286 0.4654
v 6.3782 -24.9441 15.3984 0.9375 0.8125 0.2142 -0.8286 0.5172
v 3.2516 -24.9441 16.3469 0.9688 0.8125 0.1092 -0.8286 0.549
v -0 -24.9441 16.6671 1 0.8125 -0 -0.8286 0.5598
v -2.2397 -27.7164 11.2599 0.0313 0.875 -0.0757 -0.9217 0.3804
v -0 -27.7164 11.4805 0 0.875 -0 -0.9217 0.3879
v -4.3934 -27.7164 10.6066 0.0625 0.875 -0.1484 -0.9217 0.3584
v -6.3782 -27.7164 9.5457 0.0938 0.875 -0.2155 -0.9217 0.3225
v -8.1179 -27.7164 8.1179 0.125 0.875 -0.2743 -0.9217 0.2743
v -9.5457 -27.7164 6.3782 0.1563 0.875 -0.3225 -0.9217 0.2155
v -10.6066 -27.7164 4.3934 0.1875 0.875 -0.3584 -0.9217 0.1484
v -11.2599 -27.7164 2.2397 0.2187 0.875 -0.3804 -0.9217 0.0757
v -11.4805 -27.7164 -0 0.25 0.875 -0.3879 -0.9217 -0
v -11.2599 -27.7164 -2.2397 0.2812 0.875 -0.3804 -0.9217 -0.0757
v -10.6066 -27.7164 -4.3934 0.3125 0.875 -0.3584 -0.9217 -0.1484
v -9.5457 -27.7164 -6.3782 0.3437 0.875 -0.3225 -0.9217 -0.2155
v -8.1179 -27.7164 -8.1179 0.375 0.875 -0.2743 -0.9217 -0.2743
v -6.3782 -27.7164 -9.5457 0.4063 0.875 -0.2155 -0.9217 -0.3225
v -4.3934 -27.7164 -10.6066 0.4375 0.875 -0.1484 -0.9217 -0.3584
v -2.2397 -27.7164 -11.2599 0.4688 0.875 -0.0757 -0.9217 -0.3804
v 0 -27.7164 -11.4805 0.5 0.875 0 -0.9217 -0.3879
v 2.2397 -27.7164 -11.2599 0.5313 0.875 0.0757 -0.9217 -0.3804
v 4.3934 -27.7164 -10.6066 0.5625 0.875 0.1484 -0.9217 -0.3584
v 6.3782 -27.7164 -9.5457 0.5938 0.875 0.2155 -0.9217 -0.3225
v 8.1179 -27.7164 -8.1179 0.625 0.875 0.2743 -0.9217 -0.2743
v 9.5457 -27.7164 -6.3782 0.6563 0.875 0.3225 -0.9217 -0.2155
v 10.6066 -27.7164 -4.3934 0.6875 0.875 0.3584 -0.9217 -0.1484
v 11.2599 -27.7164 -2.2397 0.7188 0.875 0.3804 -0.9217 -0.0757
v 11.4805 -27.7164 0 0.75 0.875 0.3879 -0.9217 0
v 11.2599 -27.7164 2.2398 0.7813 0.875 0.3804 -0.9217 0.0757
v 10.6066 -27.7164 4.3934 0.8125 0.875 0.3584 -0.9217 0.1484
v 9.5457 -27.7164 6.3782 0.8438 0.875 0.3225 -0.9217 0.2155
v 8.1179 -27.7164 8.118 0.875 0.875 0.2743 -0.9217 0.2743
v 6.3782 -27.7164 9.5457 0.9063 0.875 0.2155 -0.9217 0.3225
v 4.3934 -27.7164 10.6066 0.9375 0.875 0.1484 -0.9217 0.3584
v 2.2397 -27.7164 11.2599 0.9688 0.875 0.0757 -0.9217 0.3804
v -0 -27.7164 11.4805 1 0.875 -0 -0.9217 0.3879
v -1.1418 -29.4236 5.7402 0.0313 0.9375 -0.0392 -0.9796 0.1971
v -0 -29.4236 5.8527 0 0.9375 -0 -0.9796 0.201
v -2.2397 -29.4236 5.4072 0.0625 0.9375 -0.0769 -0.9796 0.1857
v -3.2516 -29.4236 4.8663 0.0938 0.9375 -0.1117 -0.9796 0.1671
v -4.1385 -29.4236 4.1385 0.125 0.9375 -0.1421 -0.9796 0.1421
v -4.8663 -29.4236 3.2516 0.1563 0.9375 -0.1671 -0.9796 0.1117
v -5.4072 -29.4236 2.2397 0.1875 0.9375 -0.1857 -0.9796 0.0769
v -5.7402 -29.4236 1.1418 0.2187 0.9375 -0.1971 -0.9796 0.0392
v -5.8527 -29.4236 -0 0.25 0.9375 -0.201 -0.9796 -0
v -5.7402 -29.4236 -1.1418 0.2812 0.9375 -0.1971 -0.9796 -0.0392
v -5.4072 -29.4236 -2.2397 0.3125 0.9375 -0.1857 -0.9796 -0.0769
v -4.8663 -29.4236 -3.2516 0.3437 0.9375 -0.1671 -0.9796 -0.1117
v -4.1385 -29.4236 -4.1385 0.375 0.9375 -0.1421 -0.9796 -0.1421
v -3.2516 -29.4236 -4.8663 0.4063 0.9375 -0.1117 -0.9796 -0.1671
v -2.2397 -29.4236 -5.4072 0.4375 0.9375 -0.0769 -0.9796 -0.1857
v -1.1418 -29.4236 -5.7402 0.4688 0.9375 -0.0392 -0.9796 -0.1971
v 0 -29.4236 -5.8527 0.5 0.9375 0 -0.9796 -0.201
v 1.1418 -29.4236 -5.7402 0.5313 0.9375 0.0392 -0.9796 -0.1971
v 2.2397 -29.4236 -5.4072 0.5625 0.9375 0.0769 -0.9796 -0.1857
v 3.2516 -29.4236 -4.8663 0.5938 0.9375 0.1117 -0.9796 -0.1671
v 4.1385 -29.4236 -4.1385 0.625 0.9375 0.1421 -0.9796 -0.1421
v 4.8663 -29.4236 -3.2516 0.6563 0.9375 0.1671 -0.9796 -0.1117
v 5.4072 -29.4236 -2.2397 0.6875 0.9375 0.1857 -0.9796 -0.0769
v 5.7402 -29.4236 -1.1418 0.7188 0.9375 0.1971 -0.9796 -0.0392
v 5.8527 -29.4236 0 0.75 0.9375 0.201 -0.9796 0
v 5.7402 -29.4236 1.1418 0.7813 0.9375 0.1971 -0.9796 0.0392
v 5.4072 -29.4236 2.2397 0.8125 0.9375 0.1857 -0.9796 0.0769
v 4.8663 -29.4236 3.2516 0.8438 0.9375 0.1671 -0.9796 0.1117
v 4.1385 -29.4236 4.1385 0.875 0.9375 0.1421 -0.9796 0.1421
v 3.2516 -29.4236 4.8664 0.9063 0.9375 0.1117 -0.9796 0.1671
v 2.2397 -29.4236 5.4072 0.9375 0.9375 0.0769 -0.9796 0.1857
v 1.1418 -29.4236 5.7402 0.9688 0.9375 0.0392 -0.9796 0.1971
v -0 -29.4236 5.8527 1 0.9375 -0 -0.9796 0.201
v 0 -30 0 0 1 0 -1 -0
v 0 -30 0 0.0313 1 0 -1 -0
v 0 -30 0 0.0625 1 0 -1 -0
v 0 -30 0 0.0938 1 0 -1 -0
v 0 -30 0 0.125 1 0 -1 -0
v 0 -30 0 0.1563 1 0 -1 -0
v 0 -30 0 0.1875 1 0 -1 -0
v 0 -30 0 0.2187 1 0 -1 -0
v 0 -30 0 0.25 1 0 -1 -0
v 0 -30 0 0.2812 1 0 -1 -0
v 0 -30 0 0.3125 1 0 -1 -0
v 0 -30 0 0.3437 1 0 -1 -0
v 0 -30 0 0.375 1 0 -1 -0
v 0 -30 0 0.4063 1 0 -1 -0
v 0 -30 0 0.4375 1 0 -1 -0
v 0 -30 0 0.4688 1 0 -1 -0
v 0 -30 0 0.5 1 0 -1 -0
v 0 -30 0 0.5313 1 0 -1 -0
v 0 -30 0 0.5625 1 0 -1 -0
v 0 -30 0 0.5938 1 0 -1 -0
v 0 -30 0 0.625 1 0 -1 -0
v 0 -30 0 0.6563 1 0 -1 -0
v 0 -30 0 0.6875 1 0 -1 -0
v 0 -30 0 0.7188 1 0 -1 -0
v 0 -30 0 0.75 1 0 -1 -0
v 0 -30 0 0.7813 1 0 -1 -0
v 0 -30 0 0.8125 1 0 -1 -0
v 0 -30 0 0.8438 1 0 -1 -0
v 0 -30 0 0.875 1 0 -1 -0
v 0 -30 0 0.9063 1 0 -1 -0
v 0 -30 0 0.9375 1 0 -1 -0
v 0 -30 0 0.9688 1 0 -1 -0

i 0
i 1
i 2
i 3
i 0
i 4
i 5
i 3
i 6
i 7
i 5
i 8
i 9
i 7
i 10
i 11
i 9
i 12
i 13
i 11
i 14
i 15
i 13
i 16
i 17
i 15
i 18
i 19
i 17
i 20
i 21
i 19
i 22
i 23
i 21
i 24
i 25
i 23
i 26
i 27
i 25
i 28
i 29
i 27
i 30
i 31
i 29
i 32
i 33
i 31
i 34
i 35
i 33
i 36
i 37
i 35
i 38
i 39
i 37
i 40
i 41
i 39
i 42
i 43
i 41
i 44
i 45
i 43
i 46
i 47
i 45
i 48
i 49
i 47
i 50
i 51
i 49
i 52
i 53
i 51
i 54
i 55
i 53
i 56
i 57
i 55
i 58
i 59
i 57
i 60
i 61
i 59
i 62
i 63
i 61
i 64
i 65
i 66
i 1
i 0
i 65
i 1
i 67
i 65
i 0
i 3
i 67
i 0
i 68
i 67
i 3
i 5
i 68
i 3
i 69
i 68
i 5
i 7
i 69
i 5
i 70
i 69
i 7
i 9
i 70
i 7
i 71
i 70
i 9
i 11
i 71
i 9
i 72
i 71
i 11
i 13
i 72
i 11
i 73
i 72
i 13
i 15
i 73
i 13
i 74
i 73
i 15
i 17
i 74
i 15
i 75
i 74
i 17
i 19
i 75
i 17
i 76
i 75
i 19
i 21
i 76
i 19
i 77
i 76
i 21
i 23
i 77
i 21
i 78
i 77
i 23
i 25
i 78
i 23
i 79
i 78
i 25
i 27
i 79
i 25
i 80
i 79
i 27
i 29
i 80
i 27
i 81
i 80
i 29
i 31
i 81
i 29
i 82
i 81
i 31
i 33
i 82
i 31
i 83
i 82
i 33
i 35
i 83
i 33
i 84
i 83
i 35
i 37
i 84
i 35
i 85
i 84
i 37
i 39
i 85
i 37
i 86
i 85
i 39
i 41
i 86
i 39
i 87
i 86
i 41
i 43
i 87
i 41
i 88
i 87
i 43
i 45
i 88
i 43
i 89
i 88
i 45
i 47
i 89
i 45
i 90
i 89
i 47
i 49
i 90
i 47
i 91
i 90
i 49
i 51
i 91
i 49
i 92
i 91
i 51
i 53
i 92
i 51
i 93
i 92
i 53
i 55
i 93
i 53
i 94
i 93
i 55
i 57
i 94
i 55
i 95
i 94
i 57
i 59
i 95
i 57
i 96
i 95
i 59
i 61
i 96
i 59
i 97
i 96
i 61
i 63
i 97
i 61
i 98
i 99
i 66
i 65
i 98
i 66
i 100
i 98
i 65
i 67
i 100
i 65
i 101
i 100
i 67
i 68
i 101
i 67
i 102
i 101
i 68
i 69
i 102
i 68
i 103
i 102
i 69
i 70
i 103
i 69
i 104
i 103
i 70
i 71
i 104
i 70
i 105
i 104
i 71
i 72
i 105
i 71
i 106
i 105
i 72
i 73
i 106
i 72
i 107
i 106
i 73
i 74
i 107
i 73
i 108
i 107
i 74
i 75
i 108
i 74
i 109
i 108
i 75
i 76
i 109
i 75
i 110
i 109
i 76
i 77
i 110
i 76
i 111
i 110
i 77
i 78
i 111
i 77
i 112
i 111
i 78
i 79
i 112
i 78
i 113
i 112
i 79
i 80
i 113
i 79
i 114
i 113
i 80
i 81
i 114
i 80
i 115
i 114
i 81
i 82
i 115
i 81
i 116
i 115
i 82
i 83
i 116
i 82
i 117
i 116
i 83
i 84
i 117
i 83
i 118
i 117
i 84
i 85
i 118
i 84
i 119
i 118
i 85
i 86
i 119
i 85
i 120
i 119
i 86
i 87
i 120
i 86
i 121
i 120
i 87
i 88
i 121
i 87
i 122
i 121
i 88
i 89
i 122
i 88
i 123
i 122
i 89
i 90
i 123
i 89
i 124
i 123
i 90
i 91
i 124
i 90
i 125
i 124
i 91
i 92
i 125
i 91
i 126
i 125
i 92
i 93
i 126
i 92
i 127
i 126
i 93
i 94
i 127
i 93
i 128
i 127
i 94
i 95
i 128
i 94
i 129
i 128
i 95
i 96
i 129
i 95
i 130
i 129
i 96
i 97
i 130
i 96
i 131
i 132
i 99
i 98
i 131
i 99
i 133
i 131
i 98
i 100
i 133
i 98
i 134
i 133
i 100
i 101
i 134
i 100
i 135
i 134
i 101
i 102
i 135
i 101
i 136
i 135
i 102
i 103
i 136
i 102
i 137
i 136
i 103
i 104
i 137
i 103
i 138
i 137
i 104
i 105
i 138
i 104
i 139
i 138
i 105
i 106
i 139
i 105
i 140
i 139
i 106
i 107
i 140
i 106
i 141
i 140
i 107
i 108
i 141
i 107
i 142
i 141
i 108
i 109
i 142
i 108
i 143
i 142
i 109
i 110
i 143
i 109
i 144
i 143
i 110
i 111
i 144
i 110
i 145
i 144
i 111
i 112
i 145
i 111
i 146
i 145
i 112
i 113
i 146
i 112
i 147
i 146
i 113
i 114
i 147
i 113
i 148
i 147
i 114
i 115
i 148
i 114
i 149
i 148
i 115
i 116
i 149
i 115
i 150
i 149
i 116
i 117
i 150
i 116
i 151
i 150
i 117
i 118
i 151
i 117
i 152
i 151
i 118
i 119
i 152
i 118
i 153
i 152
i 119
i 120
i 153
i 119
i 154
i 153
i 120
i 121
i 154
i 120
i 155
i 154
i 121
i 122
i 155
i 121
i 156
i 155
i 122
i 123
i 156
i 122
i 157
i 156
i 123
i 124
i 157
i 123
i 158
i 157
i 124
i 125
i 158
i 124
i 159
i 158
i 125
i 126
i 159
i 125
i 160
i 159
i 126
i 127
i 160
i 126
i 161
i 160
i 127
i 128
i 161
i 127
i 162
i 161
i 128
i 129
i 162
i 128
i 163
i 162
i 129
i 130
i 163
i 129
i 164
i 165
i 132
i 131
i 164
i 132
i 166
i 164
i 131
i 133
i 166
i 131
i 167
i 166
i 133
i 134
i 167
i 133
i 168
i 167
i 134
i 135
i 168
i 134
i 169
i 168
i 135
i 136
i 169
i 135
i 170
i 169
i 136
i 137
i 170
i 136
i 171
i 170
i 137
i 138
i 171
i 137
i 172
i 171
i 138
i 139
i 172
i 138
i 173
i 172
i 139
i 140
i 173
i 139
i 174
i 173
i 140
i 141
i 174
i 140
i 175
i 174
i 141
i 142
i 175
i 141
i 176
i 175
i 142
i 143
i 176
i 142
i 177
i 176
i 143
i 144
i 177
i 143
i 178
i 177
i 144
i 145
i 178
i 144
i 179
i 178
i 145
i 146
i 179
i 145
i 180
i 179
i 146
i 147
i 180
i 146
i 181
i 180
i 147
i 148
i 181
i 147
i 182
i 181
i 148
i 149
i 182
i 148
i 183
i 182
i 149
i 150
i 183
i 149
i 184
i 183
i 150
i 151
i 184
i 150
i 185
i 184
i 151
i 152
i 185
i 151
i 186
i 185
i 152
i 153
i 186
i 152
i 187
i 186
i 153
i 154
i 187
i 153
i 188
i 187
i 154
i 155
i 188
i 154
i 189
i 188
i 155
i 156
i 189
i 155
i 190
i 189
i 156
i 157
i 190
i 156
i 191
i 190
i 157
i 158
i 191
i 157
i 192
i 191
i 158
i 159
i 192
i 158
i 193
i 192
i 159
i 160
i 193
i 159
i 194
i 193
i 160
i 161
i 194
i 160
i 195
i 194
i 161
i 162
i 195
i 161
i 196
i 195
i 162
i 163
i 196
i 162
i 197
i 198
i 165
i 164
i 197
i 165
i 199
i 197
i 164
i 166
i 199
i 164
i 200
i 199
i 166
i 167
i 200
i 166
i 201
i 200
i 167
i 168
i 201
i 167
i 202
i 201
i 168
i 169
i 202
i 168
i 203
i 202
i 169
i 170
i 203
i 169
i 204
i 203
i 170
i 171
i 204
i 170
i 205
i 204
i 171
i 172
i 205
i 171
i 206
i 205
i 172
i 173
i 206
i 172
i 207
i 206
i 173
i 174
i 207
i 173
i 208
i 207
i 174
i 175
i 208
i 174
i 209
i 208
i 175
i 176
i 209
i 175
i 210
i 209
i 176
i 177
i 210
i 176
i 211
i 210
i 177
i 178
i 211
i 177
i 212
i 211
i 178
i 179
i 212
i 178
i 213
i 212
i 179
i 180
i 213
i 179
i 214
i 213
i 180
i 181
i 214
i 180
i 215
i 214
i 181
i 182
i 215
i 181
i 216
i 215
i 182
i 183
i 216
i 182
i 217
i 216
i 183
i 184
i 217
i 183
i 218
i 217
i 184
i 185
i 218
i 184
i 219
i 218
i 185
i 186
i 219
i 185
i 220
i 219
i 186
i 187
i 220
i 186
i 221
i 220
i 187
i 188
i 221
i 187
i 222
i 221
i 188
i 189
i 222
i 188
i 223
i 222
i 189
i 190
i 223
i 189
i 224
i 223
i 190
i 191
i 224
i 190
i 225
i 224
i 191
i 192
i 225
i 191
i 226
i 225
i 192
i 193
i 226
i 192
i 227
i 226
i 193
i 194
i 227
i 193
i 228
i 227
i 194
i 195
i 228
i 194
i 229
i 228
i 195
i 196
i 229
i 195
i 230
i 231
i 198
i 197
i 230
i 198
i 232
i 230
i 197
i 199
i 232
i 197
i 233
i 232
i 199
i 200
i 233
i 199
i 234
i 233
i 200
i 201
i 234
i 200
i 235
i 234
i 201
i 202
i 235
i 201
i 236
i 235
i 202
i 203
i 236
i 202
i 237
i 236
i 203
i 204
i 237
i 203
i 238
i 237
i 204
i 205
i 238
i 204
i 239
i 238
i 205
i 206
i 239
i 205
i 240
i 239
i 206
i 207
i 240
i 206
i 241
i 240
i 207
i 208
i 241
i 207
i 242
i 241
i 208
i 209
i 242
i 208
i 243
i 242
i 209
i 210
i 243
i 209
i 244
i 243
i 210
i 211
i 244
i 210
i 245
i 244
i 211
i 212
i 245
i 211
i 246
i 245
i 212
i 213
i 246
i 212
i 247
i 246
i 213
i 214
i 247
i 213
i 248
i 247
i 214
i 215
i 248
i 214
i 249
i 248
i 215
i 216
i 249
i 215
i 250
i 249
i 216
i 217
i 250
i 216
i 251
i 250
i 217
i 218
i 251
i 217
i 252
i 251
i 218
i 219
i 252
i 218
i 253
i 252
i 219
i 220
i 253
i 219
i 254
i 253
i 220
i 221
i 254
i 220
i 255
i 254
i 221
i 222
i 255
i 221
i 256
i 255
i 222
i 223
i 256
i 222
i 257
i 256
i 223
i 224
i 257
i 223
i 258
i 257
i 224
i 225
i 258
i 224
i 259
i 258
i 225
i 226
i 259
i 225
i 260
i 259
i 226
i 227
i 260
i 226
i 261
i 260
i 227
i 228
i 261
i 227
i 262
i 261
i 228
i 229
i 262
i 228
i 263
i 264
i 231
i 230
i 263
i 231
i 265
i 263
i 230
i 232
i 265
i 230
i 266
i 265
i 232
i 233
i 266
i 232
i 267
i 266
i 233
i 234
i 267
i 233
i 268
i 267
i 234
i 235
i 268
i 234
i 269
i 268
i 235
i 236
i 269
i 235
i 270
i 269
i 236
i 237
i 270
i 236
i 271
i 270
i 237
i 238
i 271
i 237
i 272
i 271
i 238
i 239
i 272
i 238
i 273
i 272
i 239
i 240
i 273
i 239
i 274
i 273
i 240
i 241
i 274
i 240
i 275
i 274
i 241
i 242
i 275
i 241
i 276
i 275
i 242
i 243
i 276
i 242
i 277
i 276
i 243
i 244
i 277
i 243
i 278
i 277
i 244
i 245
i 278
i 244
i 279
i 278
i 245
i 246
i 279
i 245
i 280
i 279
i 246
i 247
i 280
i 246
i 281
i 280
i 247
i 248
i 281
i 247
i 282
i 281
i 248
i 249
i 282
i 248
i 283
i 282
i 249
i 250
i 283
i 249
i 284
i 283
i 250
i 251
i 284
i 250
i 285
i 284
i 251
i 252
i 285
i 251
i 286
i 285
i 252
i 253
i 286
i 252
i 287
i 286
i 253
i 254
i 287
i 253
i 288
i 287
i 254
i 255
i 288
i 254
i 289
i 288
i 255
i 256
i 289
i 255
i 290
i 289
i 256
i 257
i 290
i 256
i 291
i 290
i 257
i 258
i 291
i 257
i 292
i 291
i 258
i 259
i 292
i 258
i 293
i 292
i 259
i 260
i 293
i 259
i 294
i 293
i 260
i 261
i 294
i 260
i 295
i 294
i 261
i 262
i 295
i 261
i 296
i 297
i 264
i 263
i 296
i 264
i 298
i 296
i 263
i 265
i 298
i 263
i 299
i 298
i 265
i 266
i 299
i 265
i 300
i 299
i 266
i 267
i 300
i 266
i 301
i 300
i 267
i 268
i 301
i 267
i 302
i 301
i 268
i 269
i 302
i 268
i 303
i 302
i 269
i 270
i 303
i 269
i 304
i 303
i 270
i 271
i 304
i 270
i 305
i 304
i 271
i 272
i 305
i 271
i 306
i 305
i 272
i 273
i 306
i 272
i 307
i 306
i 273
i 274
i 307
i 273
i 308
i 307
i 274
i 275
i 308
i 274
i 309
i 308
i 275
i 276
i 309
i 275
i 310
i 309
i 276
i 277
i 310
i 276
i 311
i 310
i 277
i 278
i 311
i 277
i 312
i 311
i 278
i 279
i 312
i 278
i 313
i 312
i 279
i 280
i 313
i 279
i 314
i 313
i 280
i 281
i 314
i 280
i 315
i 314
i 281
i 282
i 315
i 281
i 316
i 315
i 282
i 283
i 316
i 282
i 317
i 316
i 283
i 284
i 317
i 283
i 318
i 317
i 284
i 285
i 318
i 284
i 319
i 318
i 285
i 286
i 319
i 285
i 320
i 319
i 286
i 287
i 320
i 286
i 321
i 320
i 287
i 288
i 321
i 287
i 322
i 321
i 288
i 289
i 322
i 288
i 323
i 322
i 289
i 290
i 323
i 289
i 324
i 323
i 290
i 291
i 324
i 290
i 325
i 324
i 291
i 292
i 325
i 291
i 326
i 325
i 292
i 293
i 326
i 292
i 327
i 326
i 293
i 294
i 327
i 293
i 328
i 327
i 294
i 295
i 328
i 294
i 329
i 330
i 297
i 296
i 329
i 297
i 331
i 329
i 296
i 298
i 331
i 296
i 332
i 331
i 298
i 299
i 332
i 298
i 333
i 332
i 299
i 300
i 333
i 299
i 334
i 333
i 300
i 301
i 334
i 300
i 335
i 334
i 301
i 302
i 335
i 301
i 336
i 335
i 302
i 303
i 336
i 302
i 337
i 336
i 303
i 304
i 337
i 303
i 338
i 337
i 304
i 305
i 338
i 304
i 339
i 338
i 305
i 306
i 339
i 305
i 340
i 339
i 306
i 307
i 340
i 306
i 341
i 340
i 307
i 308
i 341
i 307
i 342
i 341
i 308
i 309
i 342
i 308
i 343
i 342
i 309
i 310
i 343
i 309
i 344
i 343
i 310
i 311
i 344
i 310
i 345
i 344
i 311
i 312
i 345
i 311
i 346
i 345
i 312
i 313
i 346
i 312
i 347
i 346
i 313
i 314
i 347
i 313
i 348
i 347
i 314
i 315
i 348
i 314
i 349
i 348
i 315
i 316
i 349
i 315
i 350
i 349
i 316
i 317
i 350
i 316
i 351
i 350
i 317
i 318
i 351
i 317
i 352
i 351
i 318
i 319
i 352
i 318
i 353
i 352
i 319
i 320
i 353
i 319
i 354
i 353
i 320
i 321
i 354
i 320
i 355
i 354
i 321
i 322
i 355
i 321
i 356
i 355
i 322
i 323
i 356
i 322
i 357
i 356
i 323
i 324
i 357
i 323
i 358
i 357
i 324
i 325
i 358
i 324
i 359
i 358
i 325
i 326
i 359
i 325
i 360
i 359
i 326
i 327
i 360
i 326
i 361
i 360
i 327
i 328
i 361
i 327
i 362
i 363
i 330
i 329
i 362
i 330
i 364
i 362
i 329
i 331
i 364
i 329
i 365
i 364
i 331
i 332
i 365
i 331
i 366
i 365
i 332
i 333
i 366
i 332
i 367
i 366
i 333
i 334
i 367
i 333
i 368
i 367
i 334
i 335
i 368
i 334
i 369
i 368
i 335
i 336
i 369
i 335
i 370
i 369
i 336
i 337
i 370
i 336
i 371
i 370
i 337
i 338
i 371
i 337
i 372
i 371
i 338
i 339
i 372
i 338
i 373
i 372
i 339
i 340
i 373
i 339
i 374
i 373
i 340
i 341
i 374
i 340
i 375
i 374
i 341
i 342
i 375
i 341
i 376
i 375
i 342
i 343
i 376
i 342
i 377
i 376
i 343
i 344
i 377
i 343
i 378
i 377
i 344
i 345
i 378
i 344
i 379
i 378
i 345
i 346
i 379
i 345
i 380
i 379
i 346
i 347
i 380
i 346
i 381
i 380
i 347
i 348
i 381
i 347
i 382
i 381
i 348
i 349
i 382
i 348
i 383
i 382
i 349
i 350
i 383
i 349
i 384
i 383
i 350
i 351
i 384
i 350
i 385
i 384
i 351
i 352
i 385
i 351
i 386
i 385
i 352
i 353
i 386
i 352
i 387
i 386
i 353
i 354
i 387
i 353
i 388
i 387
i 354
i 355
i 388
i 354
i 389
i 388
i 355
i 356
i 389
i 355
i 390
i 389
i 356
i 357
i 390
i 356
i 391
i 390
i 357
i 358
i 391
i 357
i 392
i 391
i 358
i 359
i 392
i 358
i 393
i 392
i 359
i 360
i 393
i 359
i 394
i 393
i 360
i 361
i 394
i 360
i 395
i 396
i 363
i 362
i 395
i 363
i 397
i 395
i 362
i 364
i 397
i 362
i 398
i 397
i 364
i 365
i 398
i 364
i 399
i 398
i 365
i 366
i 399
i 365
i 400
i 399
i 366
i 367
i 400
i 366
i 401
i 400
i 367
i 368
i 401
i 367
i 402
i 401
i 368
i 369
i 402
i 368
i 403
i 402
i 369
i 370
i 403
i 369
i 404
i 403
i 370
i 371
i 404
i 370
i 405
i 404
i 371
i 372
i 405
i 371
i 406
i 405
i 372
i 373
i 406
i 372
i 407
i 406
i 373
i 374
i 407
i 373
i 408
i 407
i 374
i 375
i 408
i 374
i 409
i 408
i 375
i 376
i 409
i 375
i 410
i 409
i 376
i 377
i 410
i 376
i 411
i 410
i 377
i 378
i 411
i 377
i 412
i 411
i 378
i 379
i 412
i 378
i 413
i 412
i 379
i 380
i 413
i 379
i 414
i 413
i 380
i 381
i 414
i 380
i 415
i 414
i 381
i 382
i 415
i 381
i 416
i 415
i 382
i 383
i 416
i 382
i 417
i 416
i 383
i 384
i 417
i 383
i 418
i 417
i 384
i 385
i 418
i 384
i 419
i 418
i 385
i 386
i 419
i 385
i 420
i 419
i 386
i 387
i 420
i 386
i 421
i 420
i 387
i 388
i 421
i 387
i 422
i 421
i 388
i 389
i 422
i 388
i 423
i 422
i 389
i 390
i 423
i 389
i 424
i 423
i 390
i 391
i 424
i 390
i 425
i 424
i 391
i 392
i 425
i 391
i 426
i 425
i 392
i 393
i 426
i 392
i 427
i 426
i 393
i 394
i 427
i 393
i 428
i 429
i 396
i 395
i 428
i 396
i 430
i 428
i 395
i 397
i 430
i 395
i 431
i 430
i 397
i 398
i 431
i 397
i 432
i 431
i 398
i 399
i 432
i 398
i 433
i 432
i 399
i 400
i 433
i 399
i 434
i 433
i 400
i 401
i 434
i 400
i 435
i 434
i 401
i 402
i 435
i 401
i 436
i 435
i 402
i 403
i 436
i 402
i 437
i 436
i 403
i 404
i 437
i 403
i 438
i 437
i 404
i 405
i 438
i 404
i 439
i 438
i 405
i 406
i 439
i 405
i 440
i 439
i 406
i 407
i 440
i 406
i 441
i 440
i 407
i 408
i 441
i 407
i 442
i 441
i 408
i 409
i 442
i 408
i 443
i 442
i 409
i 410
i 443
i 409
i 444
i 443
i 410
i 411
i 444
i 410
i 445
i 444
i 411
i 412
i 445
i 411
i 446
i 445
i 412
i 413
i 446
i 412
i 447
i 446
i 413
i 414
i 447
i 413
i 448
i 447
i 414
i 415
i 448
i 414
i 449
i 448
i 415
i 416
i 449
i 415
i 450
i 449
i 416
i 417
i 450
i 416
i 451
i 450
i 417
i 418
i 451
i 417
i 452
i 451
i 418
i 419
i 452
i 418
i 453
i 452
i 419
i 420
i 453
i 419
i 454
i 453
i 420
i 421
i 454
i 420
i 455
i 454
i 421
i 422
i 455
i 421
i 456
i 455
i 422
i 423
i 456
i 422
i 457
i 456
i 423
i 424
i 457
i 423
i 458
i 457
i 424
i 425
i 458
i 424
i 459
i 458
i 425
i 426
i 459
i 425
i 460
i 459
i 426
i 427
i 460
i 426
i 461
i 462
i 429
i 428
i 461
i 429
i 463
i 461
i 428
i 430
i 463
i 428
i 464
i 463
i 430
i 431
i 464
i 430
i 465
i 464
i 431
i 432
i 465
i 431
i 466
i 465
i 432
i 433
i 466
i 432
i 467
i 466
i 433
i 434
i 467
i 433
i 468
i 467
i 434
i 435
i 468
i 434
i 469
i 468
i 435
i 436
i 469
i 435
i 470
i 469
i 436
i 437
i 470
i 436
i 471
i 470
i 437
i 438
i 471
i 437
i 472
i 471
i 438
i 439
i 472
i 438
i 473
i 472
i 439
i 440
i 473
i 439
i 474
i 473
i 440
i 441
i 474
i 440
i 475
i 474
i 441
i 442
i 475
i 441
i 476
i 475
i 442
i 443
i 476
i 442
i 477
i 476
i 443
i 444
i 477
i 443
i 478
i 477
i 444
i 445
i 478
i 444
i 479
i 478
i 445
i 446
i 479
i 445
i 480
i 479
i 446
i 447
i 480
i 446
i 481
i 480
i 447
i 448
i 481
i 447
i 482
i 481
i 448
i 449
i 482
i 448
i 483
i 482
i 449
i 450
i 483
i 449
i 484
i 483
i 450
i 451
i 484
i 450
i 485
i 484
i 451
i 452
i 485
i 451
i 486
i 485
i 452
i 453
i 486
i 452
i 487
i 486
i 453
i 454
i 487
i 453
i 488
i 487
i 454
i 455
i 488
i 454
i 489
i 488
i 455
i 456
i 489
i 455
i 490
i 489
i 456
i 457
i 490
i 456
i 491
i 490
i 457
i 458
i 491
i 457
i 492
i 491
i 458
i 459
i 492
i 458
i 493
i 492
i 459
i 460
i 493
i 459
i 494
i 495
i 462
i 461
i 494
i 462
i 496
i 494
i 461
i 463
i 496
i 461
i 497
i 496
i 463
i 464
i 497
i 463
i 498
i 497
i 464
i 465
i 498
i 464
i 499
i 498
i 465
i 466
i 499
i 465
i 500
i 499
i 466
i 467
i 500
i 466
i 501
i 500
i 467
i 468
i 501
i 467
i 502
i 501
i 468
i 469
i 502
i 468
i 503
i 502
i 469
i 470
i 503
i 469
i 504
i 503
i 470
i 471
i 504
i 470
i 505
i 504
i 471
i 472
i 505
i 471
i 506
i 505
i 472
i 473
i 506
i 472
i 507
i 506
i 473
i 474
i 507
i 473
i 508
i 507
i 474
i 475
i 508
i 474
i 509
i 508
i 475
i 476
i 509
i 475
i 510
i 509
i 476
i 477
i 510
i 476
i 511
i 510
i 477
i 478
i 511
i 477
i 512
i 511
i 478
i 479
i 512
i 478
i 513
i 512
i 479
i 480
i 513
i 479
i 514
i 513
i 480
i 481
i 514
i 480
i 515
i 514
i 481
i 482
i 515
i 481
i 516
i 515
i 482
i 483
i 516
i 482
i 517
i 516
i 483
i 484
i 517
i 483
i 518
i 517
i 484
i 485
i 518
i 484
i 519
i 518
i 485
i 486
i 519
i 485
i 520
i 519
i 486
i 487
i 520
i 486
i 521
i 520
i 487
i 488
i 521
i 487
i 522
i 521
i 488
i 489
i 522
i 488
i 523
i 522
i 489
i 490
i 523
i 489
i 524
i 523
i 490
i 491
i 524
i 490
i 525
i 524
i 491
i 492
i 525
i 491
i 526
i 525
i 492
i 493
i 526
i 492
i 495
i 494
i 527
i 494
i 496
i 528
i 496
i 497
i 529
i 497
i 498
i 530
i 498
i 499
i 531
i 499
i 500
i 532
i 500
i 501
i 533
i 501
i 502
i 534
i 502
i 503
i 535
i 503
i 504
i 536
i 504
i 505
i 537
i 505
i 506
i 538
i 506
i 507
i 539
i 507
i 508
i 540
i 508
i 509
i 541
i 509
i 510
i 542
i 510
i 511
i 543
i 511
i 512
i 544
i 512
i 513
i 545
i 513
i 514
i 546
i 514
i 515
i 547
i 515
i 516
i 548
i 516
i 517
i 549
i 517
i 518
i 550
i 518
i 519
i 551
i 519
i 520
i 552
i 520
i 521
i 553
i 521
i 522
i 554
i 522
i 523
i 555
i 523
i 524
i 556
i 524
i 525
i 557
i 525
i 526
i 558

