Vertex Count: 36

Data:

25 0 25 0 0 0 -1 0
-25 0 25 1 0 0 -1 0
-25 0 -25 1 1 0 -1 0
-25 0 -25 1 1 0 -1 0
25 0 -25 0 1 0 -1 0
25 0 25 0 0 0 -1 0
25 50 25 1 0 0 1 0
25 50 -25 1 1 0 1 0
-25 50 -25 0 1 0 1 0
-25 50 -25 0 1 0 1 0
-25 50 25 0 0 0 1 0
25 50 25 1 0 0 1 0
25 50 -25 1 0 0 0 -1
25 0 -25 1 1 0 0 -1
-25 0 -25 0 1 0 0 -1
-25 0 -25 0 1 0 0 -1
-25 50 -25 0 0 0 0 -1
25 50 -25 1 0 0 0 -1
25 50 25 1 0 1 0 0
25 0 25 1 1 1 0 0
25 0 -25 0 1 1 0 0
25 0 -25 0 1 1 0 0
25 50 -25 0 0 1 0 0
25 50 25 1 0 1 0 0
-25 50 25 1 0 0 0 1
-25 0 25 1 1 0 0 1
25 0 25 0 1 0 0 1
25 0 25 0 1 0 0 1
25 50 25 0 0 0 0 1
-25 50 25 1 0 0 0 1
-25 50 -25 1 0 -1 0 0
-25 0 -25 1 1 -1 0 0
-25 0 25 0 1 -1 0 0
-25 0 25 0 1 -1 0 0
-25 50 25 0 0 -1 0 0
-25 50 -25 1 0 -1 0 0
