Vertex Count: 36

Data:

4 0 4 0 0 0 -1 0
-4 0 4 1 0 0 -1 0
-4 0 -4 1 1 0 -1 0
-4 0 -4 1 1 0 -1 0
4 0 -4 0 1 0 -1 0
4 0 4 0 0 0 -1 0
4 3.2 4 1 0 0 1 0
4 3.2 -4 1 1 0 1 0
-4 3.2 -4 0 1 0 1 0
-4 3.2 -4 0 1 0 1 0
-4 3.2 4 0 0 0 1 0
4 3.2 4 1 0 0 1 0
4 3.2 -4 1 0 0 0 -1
4 0 -4 1 1 0 0 -1
-4 0 -4 0 1 0 0 -1
-4 0 -4 0 1 0 0 -1
-4 3.2 -4 0 0 0 0 -1
4 3.2 -4 1 0 0 0 -1
4 3.2 4 1 0 1 0 0
4 0 4 1 1 1 0 0
4 0 -4 0 1 1 0 0
4 0 -4 0 1 1 0 0
4 3.2 -4 0 0 1 0 0
4 3.2 4 1 0 1 0 0
-4 3.2 4 1 0 0 0 1
-4 0 4 1 1 0 0 1
4 0 4 0 1 0 0 1
4 0 4 0 1 0 0 1
4 3.2 4 0 0 0 0 1
-4 3.2 4 1 0 0 0 1
-4 3.2 -4 1 0 -1 0 0
-4 0 -4 1 1 -1 0 0
-4 0 4 0 1 -1 0 0
-4 0 4 0 1 -1 0 0
-4 3.2 4 0 0 -1 0 0
-4 3.2 -4 1 0 -1 0 0
