Vertex Count: 72
Index Count: 108

Data:

v -3.9 0 4 0.9875 0 0 -1 0
v -4 0 3.9 1 0.0125 0 -1 0
v -4 0 -3.9 1 0.9875 0 -1 0
v 4 0 3.9 0 0.0125 0 -1 0
v 3.9 0 4 0.0125 0 0 -1 0
v 3.9 0 -4 0.0125 1 0 -1 0
v 4 0 -3.9 0 0.9875 0 -1 0
v -3.9 0 -4 0.9875 1 0 -1 0
v 3.9 9.6 3.9 0.9875 0.0125 0 1 0
v 3.9 9.6 -3.9 0.9875 0.9875 0 1 0
v -3.9 9.6 -3.9 0.0125 0.9875 0 1 0
v -3.9 9.6 3.9 0.0125 0.0125 0 1 0
v 3.9 9.5 -4 0.9875 0.0104 0 0 -1
v 3.9 0 -4 0.9875 1 0 0 -1
v -3.9 0 -4 0.0125 1 0 0 -1
v -3.9 9.5 -4 0.0125 0.0104 0 0 -1
v 4 9.5 3.9 0.9875 0.0104 1 0 0
v 4 0 3.9 0.9875 1 1 0 0
v 4 0 -3.9 0.0125 1 1 0 0
v 4 9.5 -3.9 0.0125 0.0104 1 0 0
v -3.9 9.5 4 0.9875 0.0104 0 0 1
v -3.9 0 4 0.9875 1 0 0 1
v 3.9 0 4 0.0125 1 0 0 1
v 3.9 9.5 4 0.0125 0.0104 0 0 1
v -4 9.5 -3.9 0.9875 0.0104 -1 0 0
v -4 0 -3.9 0.9875 1 -1 0 0
v -4 0 3.9 0.0125 1 -1 0 0
v -4 9.5 3.9 0.0125 0.0104 -1 0 0
v -4 9.5 -3.9 -0.002 0.0188 -0.5774 0.5773 -0.5774
v -3.9 9.6 -3.9 -0.002 0.00210005 -0.5774 0.5773 -0.5774
v -3.9 9.5 -4 0.0125 0.0104 -0.5774 0.5773 -0.5774
v 3.9 9.5 -4 -0.002 0.0188 0.5774 0.5773 -0.5774
v 3.9 9.6 -3.9 -0.002 0.00210005 0.5774 0.5773 -0.5774
v 4 9.5 -3.9 0.0125 0.0104 0.5774 0.5773 -0.5774
v -3.9 9.5 4 -0.002 0.0188 -0.5774 0.5773 0.5774
v -3.9 9.6 3.9 -0.002 0.00210005 -0.5774 0.5773 0.5774
v -4 9.5 3.9 0.0125 0.0104 -0.5774 0.5773 0.5774
v 4 9.5 3.9 -0.002 0.0188 0.5774 0.5773 0.5774
v 3.9 9.6 3.9 -0.002 0.00210005 0.5774 0.5773 0.5774
v 3.9 9.5 4 0.0125 0.0104 0.5774 0.5773 0.5774
v 3.9 9.5 -4 0.9875 0.0104 0 0.7071 -0.7071
v -3.9 9.5 -4 0.0125 0.0104 0 0.7071 -0.7071
v -3.9 9.6 -3.9 0.0125 0.0281 0 0.7071 -0.7071
v 3.9 9.6 -3.9 0.9875 0.0281 0 0.7071 -0.7071
v 4 9.5 3.9 0.9875 0.0104 0.7071 0.7071 0
v 4 9.5 -3.9 0.0125 0.0104 0.7071 0.7071 0
v 3.9 9.6 -3.9 0.0125 0.0281 0.7071 0.7071 0
v 3.9 9.6 3.9 0.9875 0.0281 0.7071 0.7071 0
v -3.9 9.5 4 0.9875 0.0104 0 0.7071 0.7071
v 3.9 9.5 4 0.0125 0.0104 0 0.7071 0.7071
v 3.9 9.6 3.9 0.0125 0.0281 0 0.7071 0.7071
v -3.9 9.6 3.9 0.9875 0.0281 0 0.7071 0.7071
v -4 9.5 -3.9 0.9875 0.0104 -0.7071 0.7071 0
v -4 9.5 3.9 0.0125 0.0104 -0.7071 0.7071 0
v -3.9 9.6 3.9 0.0125 0.0281 -0.7071 0.7071 0
v -3.9 9.6 -3.9 0.9875 0.0281 -0.7071 0.7071 0
v 4 9.5 -3.9 0.0125 0.0104 0.7071 0 -0.7071
v 4 0 -3.9 0.0125 1 0.7071 0 -0.7071
v 3.9 0 -4 -0.0026 1.0038 0.7071 0 -0.7071
v 3.9 9.5 -4 -0.0026 0.0143 0.7071 0 -0.7071
v -4 0 -3.9 0.9875 1 -0.7071 0 -0.7071
v -4 9.5 -3.9 0.9875 0.0104 -0.7071 0 -0.7071
v -3.9 9.5 -4 1.0026 0.0143 -0.7071 0 -0.7071
v -3.9 0 -4 1.0026 1.0038 -0.7071 0 -0.7071
v 3.9 9.5 4 0.0125 0.0104 0.7071 0 0.7071
v 3.9 0 4 0.0125 1 0.7071 0 0.7071
v 4 0 3.9 -0.0026 1.0038 0.7071 0 0.7071
v 4 9.5 3.9 -0.0026 0.0143 0.7071 0 0.7071
v -4 9.5 3.9 0.0125 0.0104 -0.7071 0 0.7071
v -4 0 3.9 0.0125 1 -0.7071 0 0.7071
v -3.9 0 4 -0.0026 1.0038 -0.7071 0 0.7071
v -3.9 9.5 4 -0.0026 0.0143 -0.7071 0 0.7071

i 0
i 1
i 2
i 3
i 4
i 0
i 3
i 0
i 2
i 5
i 6
i 3
i 5
i 3
i 2
i 5
i 2
i 7
i 8
i 9
i 10
i 10
i 11
i 8
i 12
i 13
i 14
i 14
i 15
i 12
i 16
i 17
i 18
i 18
i 19
i 16
i 20
i 21
i 22
i 22
i 23
i 20
i 24
i 25
i 26
i 26
i 27
i 24
i 28
i 29
i 30
i 31
i 32
i 33
i 34
i 35
i 36
i 37
i 38
i 39
i 40
i 41
i 42
i 42
i 43
i 40
i 44
i 45
i 46
i 46
i 47
i 44
i 48
i 49
i 50
i 50
i 51
i 48
i 52
i 53
i 54
i 54
i 55
i 52
i 56
i 57
i 58
i 58
i 59
i 56
i 60
i 61
i 62
i 62
i 63
i 60
i 64
i 65
i 66
i 66
i 67
i 64
i 68
i 69
i 70
i 70
i 71
i 68


