Vertex Count: 32
Index Count: 84

Data:

v 1.9416 1.6 1.4107 0.85 0 0.809 0 0.5878
v 1.9416 0 1.4107 0.85 1 0.809 0 0.5878
v 2.4 0 0 0.75 1 1 0 0
v 2.4 1.6 0 0.75 0 1 0 0
v 0.7416 1.6 2.2825 0.95 0 0.309 0 0.9511
v 0.7416 0 2.2825 0.95 1 0.309 0 0.9511
v -0.7416 1.6 2.2825 1.05 0 -0.309 0 0.9511
v -0.7416 0 2.2825 1.05 1 -0.309 0 0.9511
v -1.9416 1.6 1.4107 0.15 0 -0.809 0 0.5878
v -1.9416 0 1.4107 0.15 1 -0.809 0 0.5878
v -0.7416 0 2.2825 0.05 1 -0.309 0 0.9511
v -0.7416 1.6 2.2825 0.05 0 -0.309 0 0.9511
v -2.4 1.6 -0 0.25 0 -1 0 -0
v -2.4 0 -0 0.25 1 -1 0 -0
v -1.9416 1.6 -1.4107 0.35 0 -0.809 0 -0.5878
v -1.9416 0 -1.4107 0.35 1 -0.809 0 -0.5878
v -0.7416 1.6 -2.2825 0.45 0 -0.309 0 -0.9511
v -0.7416 0 -2.2825 0.45 1 -0.309 0 -0.9511
v 0.7416 1.6 -2.2825 0.55 0 0.309 0 -0.9511
v 0.7416 0 -2.2825 0.55 1 0.309 0 -0.9511
v 1.9416 1.6 -1.4107 0.65 0 0.809 0 -0.5878
v 1.9416 0 -1.4107 0.65 1 0.809 0 -0.5878
v -0.7416 1.6 2.2825 0.0245 0.6545 0 1 0
v 0.7416 1.6 2.2825 0.0245 0.3455 0 1 0
v 1.9416 1.6 1.4107 0.2061 0.0955 0 1 0
v -2.4 1.6 -0 0.5 1 0 1 0
v -1.9416 1.6 1.4107 0.2061 0.9045 0 1 0
v -0.7416 1.6 -2.2825 0.9755 0.6545 0 1 0
v -1.9416 1.6 -1.4107 0.7939 0.9045 0 1 0
v 1.9416 1.6 -1.4107 0.7939 0.0955 0 1 0
v 0.7416 1.6 -2.2825 0.9755 0.3455 0 1 0
v 2.4 1.6 0 0.5 0 0 1 0

i 0
i 1
i 2
i 2
i 3
i 0
i 4
i 5
i 1
i 1
i 0
i 4
i 6
i 7
i 5
i 5
i 4
i 6
i 8
i 9
i 10
i 10
i 11
i 8
i 12
i 13
i 9
i 9
i 8
i 12
i 14
i 15
i 13
i 13
i 12
i 14
i 16
i 17
i 15
i 15
i 14
i 16
i 18
i 19
i 17
i 17
i 16
i 18
i 20
i 21
i 19
i 19
i 18
i 20
i 3
i 2
i 21
i 21
i 20
i 3
i 22
i 23
i 24
i 25
i 26
i 22
i 27
i 28
i 25
i 29
i 30
i 27
i 29
i 27
i 25
i 29
i 25
i 22
i 29
i 22
i 24
i 29
i 24
i 31

